4.691522921733012018e-03
-7.449067007792188741e-05
-4.231850946366385105e-03
-3.545556358001299667e-03
4.535503796725676509e-03
nan
4.384179416932172148e-03
-3.615278472617390083e-03
-3.995395249617818278e-03
-3.668265676394253955e-03
-4.069347196081954561e-03
-3.488375630454120056e-03
-1.479898321561145006e-03
-3.600590031837086220e-03
-3.155249281236699021e-03
1.732202061395662820e-03
-6.649844959660781638e-03
-6.978267230658594458e-03
9.222726768772372685e-03
9.125816207645706321e-03
8.834520613120122601e-03
9.340406493922377706e-03
-6.483394063472399174e-03
9.906773800873453287e-03
1.000921598319943519e-02
-4.915817522481151503e-03
-4.357960161826626884e-03
-3.432288760411700973e-03
3.346985499427803171e-03
9.865796656990152846e-03
9.716094823286570634e-03
8.638691428371945980e-03
9.764257829568858196e-03
9.969386126351240454e-03
9.923110899125590564e-03
8.395546759731233044e-03
-5.150225976315905320e-03
-2.801045357401125025e-03
9.870025867813235487e-03
9.586901957193102661e-03
9.925147228744367681e-03
8.484870660761013872e-03
9.651354166592445577e-03
9.953358277524000999e-03
3.363467539180657780e-03
8.972657400644470926e-03
8.704958731171465874e-03
1.003721043923027668e-02
9.394167850955656776e-03
9.449448643155219235e-03
9.743028979128506503e-03
9.385604330150275690e-03
4.016936266988929694e-03
1.725738344059821096e-03
1.683992755225408944e-03
1.629471421457847312e-03
1.717284568955368407e-03
8.292546578009143618e-03
3.279074980507551418e-02
6.078878864171827212e-03
5.394338250652211050e-03
-1.433692001848696843e-03
1.800609516018473284e-03
4.316364116951582584e-03
5.508558077519185719e-04
9.951813098737665505e-04
9.382228174138885005e-03
1.740444346311868437e-02
nan
2.917541886255150402e-02
3.932285853711533358e-02
5.641285659574581113e-02
6.226957858739937818e-02
1.176353620827216015e-03
-5.608501473769822096e-03
2.999527964955278105e-03
3.819523762605407224e-03
1.413760838680578344e-03
8.525071169156385464e-03
8.177051384431611829e-04
1.183337468047941654e-01
-5.053412793422996756e-03
3.048722098385719947e-03
8.705271083965850434e-03
-1.738685019390284053e-02
-1.819007262136617883e-02
-1.387657422827354332e-02
1.138136732394854772e-01
-9.656302771368297649e-03
-1.068229853149288812e-03
nan
2.546188870391727019e-02
1.836962602865639931e-03
3.625582401990719988e-02
4.640267641881890004e-02
-1.213480443784692615e-02
-4.096983607059556491e-03
6.221986863822197462e-03
1.263012648203189481e-01
-1.461101534061996689e-03
1.442932933066706780e-01
-1.378449224280660704e-02
7.472767181057517021e-03
nan
2.331717749441863594e-02
-2.108729001315692853e-02
2.395990583311073674e-02
4.097045746833097996e-02
-2.856132674521037057e-02
4.298770503983434521e-02
-5.638387788350041410e-03
-5.126493323665301527e-02
-4.372420871112541602e-02
-2.035960596535888595e-02
-8.044222791042464349e-03
9.511592307132386848e-02
-3.405176615750060091e-03
3.344228686809469844e-03
-5.141512273485265155e-02
-5.617992304223260770e-03
6.719711010794875150e-03
3.122912737225376142e-02
-8.367678634980781419e-03
-1.855970688930371273e-02
9.461023483615334240e-03
-1.383396844139058585e-02
2.448075276863778075e-03
7.964193434890845177e-03
2.664730527541421187e-02
-1.063244769608211182e-02
-3.127078729481732461e-02
9.694126001230263245e-03
-2.443112929249247316e-03
8.822241523888112169e-02
7.296990414457769046e-03
3.242251491139754721e-02
-2.294557732112505882e-02
-1.036428515779437565e-02
2.335530042602399978e-02
2.105007369277689042e-03
7.207587180386832749e-03
-9.330514381998774448e-03
nan
-1.459416045683460672e-02
2.196313880847474038e-03
-1.628080974795170430e-02
-1.200395022503398211e-02
1.251676675597826992e-02
2.065128458905720471e-02
2.363684731047851692e-02
-2.182374224693916370e-02
8.057500323860267155e-03
-6.447790829779069359e-03
-7.050609941222880234e-03
7.433340069874940339e-04
9.120380322629548925e-03
1.178993284739245605e-02
-5.523849455207701514e-02
1.271457991582498545e-02
-2.390926446687628368e-02
2.242129880795223212e-02
7.933669738202074086e-04
3.697082675351662240e-02
-1.115876716530151205e-02
2.611232407749050979e-02
-1.404069106431008428e-02
-7.274774868891765306e-03
-8.009734263931662240e-03
2.271119428299447820e-03
-1.471278529095887758e-02
-2.849126107710921174e-02
-1.186066462735272525e-02
-8.617592657308829202e-03
1.403801143461112615e-02
6.212248615555033236e-03
-7.125384242154334143e-03
3.962281392865215843e-03
-1.630816642896654872e-02
4.156427366707639987e-02
-1.623857102063708605e-02
-2.354419600905604398e-02
2.725557435550679183e-02
-4.226564067699060956e-02
-4.612503932833593445e-02
-1.748519455184120372e-02
1.936824040942259073e-01
5.076252674326801060e-04
-4.747850473242819225e-02
-2.073323477514829941e-02
4.936912187500226007e-02
-1.066478362078264117e-02
6.610222221606495106e-03
-5.688817108730966771e-02
-5.916402728166293701e-02
1.109873502183910954e-01
4.368232745156223895e-02
-8.772843859944761888e-03
-3.790268840858793814e-02
-7.313264778107834985e-02
2.700394186629510862e-02
2.349604943463070618e-03
1.072368805149176603e-02
-6.454908054994108746e-03
-4.966807404866463438e-03
2.012080560163286361e-02
6.452972100609680704e-03
4.346723216793333538e-03
-9.521292757401362758e-03
-7.133601370268491913e-03
-8.399244561821158760e-04
1.701230427930804090e-02
-2.186927747633009289e-02
-8.599756393948542257e-03
-5.350062311131593279e-02
2.876998624283492664e-02
-3.238864172727271007e-02
2.324972629857362250e-02
1.046692384381583745e-03
2.502771788788116236e-02
2.200001693123726509e-02
1.143947107029517907e-02
-1.437750630498384023e-02
1.148082396491258671e-02
5.186108692716724297e-03
2.911125860412648245e-02
1.141221667377093907e-01
4.320875433123674142e-02
1.143478916560446840e-02
9.567124561618983725e-03
-4.793604495723275175e-04
8.759450728671609385e-03
-2.093446400367249619e-02
4.448243964452968519e-02
-5.118617692398451727e-03
4.711467967042297367e-03
-3.301896564091993079e-03
9.113356595617353589e-03
1.329623544701460415e-02
-1.574485003725773630e-02
-8.580689421598612643e-03
6.842410929480894320e-03
-3.667973173890432589e-03
-2.906095595051255698e-03
-1.587758173112607243e-03
1.568090612127017239e-02
-6.810469002526751796e-03
-2.017934718214595743e-03
3.289125668945917097e-02
-1.251873499796878932e-02
8.389264645303338985e-03
-3.436719909826352250e-03
-9.200509466379541701e-03
1.517750378623668878e-03
-1.149861682905084850e-02
7.788029463446849605e-03
-1.782361895250129252e-02
-5.353843966448137287e-03
-2.751528113748771733e-03
-4.089582142751164995e-02
2.690461471931118211e-03
1.129543100328529032e-02
8.023425471088351316e-03
-1.193228570243291776e-03
6.779557510860801002e-03
2.928864667260807145e-02
6.652336210672325084e-03
1.600441013828993099e-04
7.368809218111776072e-04
4.232600899355314604e-03
3.376363725520787479e-02
6.117899356118282859e-03
2.928640033770537124e-02
8.082145280229147133e-02
-6.730728300729762331e-03
6.932831154251041170e-03
4.138224863385316782e-02
-4.477287738207903593e-03
1.138437343815537454e-02
3.455501846962328455e-02
1.111815410992165673e-02
3.174200450506689530e-03
-2.744129784617689929e-03
-6.366150416450460433e-05
5.466881900831212400e-03
4.643777617888946579e-02
-2.689269871428296571e-02
4.504243030234178664e-03
-5.029757062165259203e-03
-1.390616217598282175e-02
-1.788456123991218061e-02
2.652857313884233667e-02
-1.627773207837780040e-02
2.862144286589373560e-02
4.629067733045433980e-02
2.411529718680365669e-02
-2.344783586181722543e-03
6.393665843337858513e-03
-1.309568067499805762e-02
4.709533565263201819e-03
-4.815716739227008519e-02
-9.164401478739387513e-03
-2.482121969698361432e-03
1.168667087741653669e-02
3.980410779717036274e-02
6.664000213628132547e-04
-5.869012063388279882e-02
-1.922683260030590841e-02
-2.043775618898501303e-03
-2.179468010516466894e-02
1.251922807543437433e-02
5.281077773902296754e-03
8.546583665858241766e-03
4.749314480133350752e-03
5.252812615723392864e-02
1.449792601227596622e-02
-1.311169140400640816e-03
7.595838901812470775e-03
4.060985819043838596e-02
-9.589944923434885402e-03
1.191321763811237916e-02
-2.629261759886780594e-03
1.101986727017835108e-02
-1.115098817824547624e-02
nan
4.320596968469127969e-02
-7.448069970310181032e-02
1.529902034698981880e-02
1.713421115450437793e-02
-6.447069187204000629e-02
2.541141193335234860e-02
4.795562956368060875e-02
-2.697649038097067742e-02
7.549067978780725323e-03
3.045579723351686183e-02
1.049495670539657075e-02
-2.861312807781318367e-03
2.575352260393659696e-03
5.665021451015790806e-03
-2.167725005573068256e-02
6.238736744236747685e-03
5.890883236098436344e-03
2.013705992944477040e-04
-2.775397299314329505e-02
1.031454436622234599e-02
-6.625241376753821312e-03
nan
7.384031160905544199e-03
2.250571610496905281e-02
4.202976842022488821e-03
4.710358699188034286e-03
1.179848923646716237e-02
1.075022859015947047e-02
-1.190242032531341719e-02
1.512929893411131890e-02
2.913633669469904751e-04
-4.607858792538431850e-03
5.703849784969184690e-03
8.967710065522030774e-03
nan
2.209874277707846862e-03
-1.209355735395183616e-03
1.522929164179997324e-02
-3.081607243051736494e-04
-5.339628175870285258e-03
-1.193434124681926972e-04
-9.022396285935322530e-04
5.068686714221671587e-03
-1.021792720547282313e-03
2.876965829469167735e-02
1.336093350692657382e-02
1.095482752359135635e-02
-1.387669612606020481e-02
-7.115920085134084215e-03
nan
2.213633801011075791e-02
7.019560732136191942e-04
6.680856346949123718e-03
9.477124267244514677e-03
1.641967076979830966e-03
2.615319333125547610e-02
1.606149531961776136e-02
2.588475293523332613e-03
2.606145600471127931e-03
1.286109305677983310e-02
-8.270169105446804891e-03
7.983116765793173836e-03
1.228620395784739980e-03
-1.800510274606270320e-02
-3.048369294124747900e-02
2.381693051192078706e-02
-1.362168074512329526e-02
1.413433353835483013e-02
3.562151566586805630e-03
-2.188144518635158978e-02
1.860471511078873319e-02
nan
6.669281652180867465e-03
-2.624546709725198487e-03
1.097174864525263900e-03
4.568468771478671536e-04
5.165070534746830054e-03
-3.741966509407835140e-04
-1.826748224685448415e-04
-6.194825925968465256e-03
-1.085786997204929265e-02
7.917043062306113738e-03
-3.601024612296842980e-03
4.210183888165046004e-03
nan
2.695538921740890312e-02
-9.926747026380824263e-03
3.318616191163724968e-03
-5.538656339099262867e-03
-2.018889233419336390e-02
nan
3.009760770530457361e-03
7.603690234604617605e-03
1.801569979725929291e-02
3.680804716901658023e-03
1.351370767954035261e-02
2.217969947403540358e-03
-3.747779706780448531e-03
2.489945993854614410e-03
4.042320189929530724e-03
-6.657318041123100327e-03
-2.377838387863047409e-02
1.814309400140433695e-02
-4.585641020903753230e-03
1.351285664247542546e-02
4.420910871082643634e-03
-1.394703155023867399e-03
-3.710498008863995917e-02
3.323600350327307607e-02
4.276682068690047106e-03
-1.928652644790462486e-02
2.247672499007274949e-02
3.502312858492635534e-03
-4.208325276994922398e-03
-2.377093346502882638e-03
-5.393261318745679912e-03
-2.648426902389104578e-03
-1.504538755157118317e-02
-9.111168076120074871e-03
1.849992133754668755e-03
9.382953249069514445e-03
nan
2.298002793304859334e-02
2.634259586753908214e-02
-6.599367858841452897e-03
2.757622728273459271e-04
4.437799415943872311e-03
-9.475069225757687744e-03
1.883164857953638740e-04
9.717828732755105260e-04
8.583635098648526029e-03
-1.073153756022625360e-02
-1.034496540169139132e-02
nan
3.534082749180283284e-02
-1.100780891649662599e-02
-1.212845669808836806e-03
1.856213076068241596e-02
1.658796354104366544e-02
-1.673666181120100124e-03
1.449271751920862793e-02
-1.588270991672558266e-02
3.127750269683051559e-02
-9.628166184913300452e-03
-5.958686874131872285e-03
5.927209607876312777e-03
1.155185379632562995e-03
-3.257475830880937964e-03
1.619018491633186438e-02
-1.997297346132457206e-03
1.091018113433652598e-02
-5.781421481183988617e-04
6.682158559860062498e-03
-1.276496406406737831e-02
-7.929786729447094173e-03
1.335211899303811317e-02
-4.736945867659285783e-03
1.576944683947303569e-02
4.029359073416821820e-03
2.395249165681729089e-03
2.201164042065244166e-04
-4.893353094278863821e-03
-1.587459935381603602e-03
-6.710079168130649680e-04
7.475988818935359013e-03
-1.061422160519991803e-02
4.424076423424757806e-03
-5.411907693071679780e-04
-8.065761269197082445e-03
1.098696388181191579e-02
-4.248694315555569430e-03
1.763117514417858814e-02
-1.362107690949635494e-04
-1.325805668938462127e-03
7.341317402131660418e-03
-1.312416655506167852e-03
-3.166908516292352149e-02
5.408860384558841078e-03
-9.068979098299942638e-04
-5.728001603125892037e-03
-3.433132830131884871e-03
9.581916220700819817e-03
3.721686571547722436e-03
-6.815548006369838950e-03
1.095048905636206681e-02
1.380585575905947208e-02
-2.322267308065490039e-03
1.513503476872006710e-02
1.012101093764474630e-02
5.363172533926730337e-03
-1.169970626950238898e-03
-1.641786076762867530e-02
5.275692262697046636e-03
-1.892350760362309682e-03
4.953986559889630818e-03
-9.495575028809790513e-03
4.764277707401822805e-03
3.775318892248627576e-03
3.967700660781373415e-03
-2.149880845082228001e-03
2.406037632872239616e-03
-3.029053177467421268e-03
3.884566516630786216e-03
7.700235444302693313e-03
-5.503372813912561345e-04
-5.120199119317049054e-03
-1.918725863568512737e-03
1.356129450274695149e-02
-1.359770377596150083e-02
8.524625010097522512e-04
1.569564954823264580e-02
2.267638382843453326e-03
-8.544061011489930899e-03
-2.990391662296958825e-03
-2.872741586038200789e-02
-1.176901918108070287e-02
-6.288916027755507392e-03
-3.682929255034272497e-05
3.183784784244914068e-02
-2.705658592220434866e-02
8.222093567221086269e-04
-9.651439027900584125e-03
1.513394745434799502e-02
1.555610792335282433e-02
-1.895358049967907832e-03
9.020576417442058986e-03
-3.303222226605008818e-03
-7.432113690879247649e-03
5.260308142877383533e-03
7.076589017558812360e-03
-2.123146132778547593e-02
-2.625061160812501571e-02
-2.879058002602321881e-03
-3.383902471364466820e-03
-3.959789350742767312e-03
-5.810058603984652979e-03
-1.464131589320553928e-02
1.675590810944435280e-02
-2.688737304252076382e-02
-9.135276667787886953e-03
-2.874180278275690475e-02
-4.307249309630030790e-03
5.711954049737878736e-03
4.311581219080002497e-03
1.515148861967098408e-02
nan
-7.528672354546150393e-03
1.154713603257747322e-02
-1.419085247131268192e-02
-5.125609435619504599e-03
5.404550370356615320e-03
-1.162039013167233577e-02
3.025428605436758511e-02
5.329411103782975313e-03
5.270550080270843506e-03
7.999439641147475721e-04
5.235223537323226498e-03
-4.580746995654338613e-03
5.347417579759679643e-03
-7.714937771544756739e-03
7.574191431742246204e-03
-1.723791413628768081e-03
-4.199240838974473253e-04
-6.368730227075463865e-03
7.390048753142885269e-04
-8.957754778790792335e-03
-3.805931958384718618e-03
-4.161791829578160261e-03
4.248455594079293511e-03
-1.060388438786038882e-02
2.162839250468685023e-03
-2.083663342552576070e-02
1.980519617204272529e-03
3.494461451994988668e-03
1.168225868819985740e-02
4.590085851146496641e-04
9.341237829356200534e-03
1.009252520585736043e-02
-8.535941999749792298e-04
-5.771638692043764467e-04
-9.003587832590949705e-03
-4.684430787621477431e-03
1.942521808020574933e-02
nan
4.385657753373690092e-03
-2.049023669816351853e-02
-1.171324113408591392e-03
-3.510023540610504849e-03
9.519933376553054534e-04
6.884220387940751494e-03
-4.951723226015495270e-03
6.198136008397059880e-03
1.641959626355817686e-02
-6.545279175621895699e-03
-1.099606263021016099e-02
nan
-5.357366362001488589e-04
9.553774099115414781e-03
5.155180085710967496e-03
-1.119756696111957363e-02
2.978711462516374798e-03
-6.051727862303532199e-03
-1.216375615341459653e-02
-1.388193924841154203e-03
-2.007984911386072931e-03
-2.113703418082946150e-02
-1.063588455982923675e-02
1.537049497713358830e-04
-1.088212690892422299e-02
-3.920032603148250472e-03
-1.532653557533369005e-03
4.433212460928883346e-03
-1.104021761894492977e-02
-1.044652124052153179e-02
6.362661101003912840e-04
-3.966320639757347534e-03
nan
2.512336529025583493e-02
3.711143561553695552e-03
-3.484222138397490443e-03
2.725651312982657528e-03
-1.603677762950563024e-02
8.634132936663478641e-03
-1.091803772200982368e-02
5.829911628573546632e-03
-1.164629958765597871e-03
5.229842866876516921e-04
-7.587895006282136152e-03
1.438871982544052833e-03
1.336941993664974258e-02
-1.796017184854612966e-02
8.743299170457042094e-03
-2.367386150258501964e-02
-8.441556007578647144e-03
-3.186281410504096870e-03
2.755059005911233115e-03
1.211378896725845422e-02
-4.069691023926687301e-03
1.830860903598507342e-03
1.766905064868886516e-02
-1.400365130514692790e-03
5.953303175047511275e-03
-2.454987691662932972e-02
8.766896444210402553e-03
-1.353319456834330831e-02
1.016690783597955401e-02
-2.207630938535661350e-02
5.965794128150010527e-03
-5.445134030711391675e-03
-9.340122074661911600e-04
2.535696988121055508e-03
-1.267072599927376690e-02
-1.883565939373717593e-02
8.465584973516555411e-05
-6.360725408035280276e-03
2.403862665474009591e-02
-2.984190186935371461e-05
-1.512736948069143966e-02
1.023205701790616193e-03
1.856286861577053802e-04
9.604100078017633333e-04
-1.040145933298987878e-02
-6.109129119362218712e-04
2.157590434525001079e-03
3.123191005971718767e-02
-2.014727108391063670e-02
nan
-1.817188394280517053e-03
1.425078096464316504e-02
-1.592732840461841270e-02
2.697417239363704769e-04
3.813604287340793472e-03
8.830432940376317652e-03
-1.183031083886224109e-03
3.076076270792559453e-03
-1.588046594949034038e-02
-1.119484257099417901e-02
1.804689800120512543e-03
-5.679084472418099473e-03
4.279896524768354686e-03
-8.548638873520742615e-03
2.467005266546880640e-02
-1.001662768869567705e-02
2.126220588410946202e-02
-1.354206304019498625e-02
1.903604686200127032e-03
-5.131586794000834312e-03
2.878689530006569696e-03
-1.300932435475097605e-02
-2.119457622517925167e-03
3.520819814636910045e-02
1.862133476582483391e-02
-1.417234386174634139e-02
-2.877345912307749647e-03
-8.566091282583758112e-03
3.286281793882170343e-03
-3.818877828408861509e-03
-6.557686353179490064e-03
-2.390502197646417540e-03
-2.033349532773660526e-02
-3.683885804364918771e-04
7.451354945137547529e-03
-2.372554105100086602e-02
-2.004754534186948753e-02
-1.384080693719042486e-02
2.485815866723098053e-02
-3.240259824744701894e-03
2.344357347513185627e-02
-1.332279112067155311e-02
1.870144339014773735e-03
-5.246690546428302597e-04
3.298538112584691734e-03
-4.015045435074751472e-03
-3.566747313131279472e-03
-6.903320753226102266e-03
1.116352005119807959e-04
-1.139551821413820921e-02
4.715310016721615746e-03
-1.552828370983400791e-02
4.347440795359767789e-03
1.738814739347976056e-03
1.960819660688508520e-02
1.384021151774325565e-03
-4.067430006873446607e-03
1.370308086360534292e-02
3.512122107070498201e-03
8.449646322601846171e-03
-7.554996017379325864e-03
1.009942971389817673e-02
-4.284851968458263348e-03
2.977403626967675687e-03
nan
1.034604132444003934e-02
-2.541331472333015120e-03
6.202564405846638235e-03
5.917899768834743168e-03
3.910360457389870756e-04
-3.717493937838001368e-03
-5.970383068229580953e-03
2.758954366182572206e-03
2.406530101280669222e-03
2.021564697095400848e-02
2.204611867019897267e-02
1.644515185738772492e-02
4.169434714333122849e-02
2.579712431206227299e-02
1.402005107413320344e-02
-8.824023424084500439e-03
-2.552324858379685646e-02
2.605113725426098231e-02
6.024797588744763149e-03
3.546832126981329294e-04
-6.498355077901417018e-03
5.682071282432690426e-03
6.147378903824494631e-03
-7.873110269394066954e-03
-1.949350451858244959e-02
-8.655067843391788006e-05
-3.319852487639024519e-03
1.047426549996999262e-05
-1.332026301631158809e-02
4.081498552829222748e-03
1.838540067117913276e-02
-8.966491347294483147e-03
8.861786428877039754e-03
3.634747886948141472e-03
-1.054536488301468502e-03
-1.918835157957074749e-03
8.095424228426869803e-03
-6.950077832755472036e-03
1.545820311361074430e-02
-5.616600492724660790e-03
1.313867342754388920e-03
-2.969923635140189408e-02
1.096535475799814523e-02
3.115260834402116749e-04
4.115728727208080306e-02
-2.777265080603473490e-02
-3.751667401333751845e-02
2.691930048058090164e-02
8.778222904717298061e-03
-4.112223239983755357e-02
-2.686849266723204555e-03
1.824590816235375579e-03
1.220044710410410523e-02
3.373725161990154958e-03
-7.214024603732563379e-03
9.961743630872905465e-04
-4.247897172273518845e-03
1.338306391861812791e-03
-3.620791052785402291e-03
3.844744016593160119e-02
-6.150414526106508066e-03
-6.943822758886407376e-03
-4.464917028155629408e-03
6.876347554210637987e-03
-2.685899613265961203e-02
5.723279953982028309e-03
4.282216290024786452e-03
-3.349832838888504999e-02
-2.417755110800462806e-02
4.474751614322824977e-02
-4.076427450961146877e-04
3.661115621495704409e-02
-2.533417947547708638e-04
3.413252825871811863e-02
-9.945847934142624212e-04
-2.311156695688668453e-02
1.482725369265638221e-02
9.808960363291818751e-03
-2.183308358039572072e-02
7.290949333875950018e-03
-2.817643548752073179e-03
2.607370086457654057e-02
-1.686795146344188768e-03
-1.242771879278569162e-03
4.884683123738920926e-03
-2.334606592624011503e-02
-2.720947484970682138e-03
-9.173459816815887624e-03
9.578269388422166325e-03
-2.664532748805843732e-02
1.119473666797057843e-02
1.000775564704000503e-02
1.148207732097468632e-02
-8.954454591920089912e-03
7.810413497767472631e-03
5.143131600271919415e-03
5.591886148527862657e-03
9.273627654478774560e-03
-1.439014923748268594e-02
nan
-1.219736601033186499e-02
-3.527034205813209256e-02
1.133908599444053908e-02
-1.396339561277344828e-02
-2.163871712867278165e-03
-1.967732257163612268e-03
4.825355631604558854e-02
nan
6.073559340438487372e-03
-4.055160909838535083e-02
-7.080211467647987492e-03
nan
-1.192394174137212902e-02
-3.605566735077654281e-03
-3.603827074235433324e-03
9.339636576010433913e-03
-6.578070107448313365e-03
-3.046131289241967716e-02
2.969857786358070378e-02
-5.431789739057527738e-02
-1.251993446211861934e-02
-6.565175103205447144e-03
3.426530205944197660e-02
-1.564981719249640760e-02
9.359043086655133639e-03
-4.570502450759218738e-02
5.535551153427362495e-03
-1.095331093253865302e-02
1.989570866381629513e-02
-3.347071051808746256e-02
3.327999907598359853e-04
9.034457846970464501e-02
-1.619154904154251938e-03
-3.632702996155711545e-02
1.078490021242269059e-02
-1.934824252739094502e-02
-1.994171557275237552e-02
1.730908170681706715e-02
3.006063521433017041e-02
-7.270691445092083982e-03
-2.465408082177083376e-02
8.533045487607120866e-03
-3.887495092942318264e-02
1.372777725236215204e-03
-4.865093643717798054e-04
nan
1.410528476862791224e-02
1.767021212876646388e-02
-7.154886554752307518e-03
3.889997443902202395e-02
3.182709509272418913e-02
1.530706580984650227e-02
-1.826790059999323229e-02
-1.271810174207005893e-02
-2.361399159436772515e-03
6.742281601547977371e-03
5.377385511233555640e-03
-2.275716766579442829e-03
2.668012290681382251e-02
-1.198846688717109497e-02
-6.252985993420823868e-03
nan
1.079754059825538751e-02
2.034380047543826644e-03
-5.000180341367395191e-03
nan
-4.837058334980018533e-03
-1.933184456220406189e-02
9.273581799900131734e-03
1.081449288307111210e-03
9.144553195640538201e-03
-2.919049103120882008e-03
1.882487729733988910e-03
1.316610207719769512e-02
2.688224853729123676e-02
-2.890928569332169851e-02
-3.025281737305553220e-02
1.675313131677085010e-02
-2.952023381858810344e-02
5.812550656293907769e-03
2.194933988163337568e-02
-3.241000349456871210e-02
-5.169012400788109036e-03
nan
-1.059361081111428755e-03
1.832576918412159861e-02
1.188064167831114591e-02
2.843449310936275922e-03
4.622848370935587516e-03
-3.700736676573146075e-03
-2.384414199795332340e-02
1.592820431966712399e-02
-2.136711539648131208e-03
-2.071975376679074249e-02
-3.830808163800281281e-03
nan
1.008331419165458967e-03
2.671553781892952416e-03
-9.630368168276349713e-03
-1.621476981984121789e-03
-1.884090504219679274e-02
1.087152624188069544e-02
-2.838419387313129497e-03
2.540947364085862584e-03
-1.248883858525532548e-02
7.085921181000104895e-03
1.333782789688608625e-02
3.343500795215715443e-03
8.505083790652640668e-03
-1.101282752176118394e-02
-5.330764429499004059e-03
7.593600900728095021e-04
-1.890925773127870302e-02
-5.133227821084605444e-03
1.073352222712314723e-02
-5.685578118469742476e-05
3.670012999824947284e-04
2.868767069677185394e-03
-1.853736174883687318e-02
-5.441103892180355721e-03
3.829976470954780943e-03
2.283036807093614257e-02
-1.361224689743151168e-05
3.748031920926888760e-03
-4.015807519507992758e-03
1.425822138669338712e-02
1.205107040778011056e-02
-1.713721093233168749e-02
2.785076393326329884e-03
-1.438477776680803565e-04
2.578033712850376791e-03
-1.451985718323329892e-03
nan
nan
3.128855168042175838e-02
-2.849676078768340580e-03
-4.603272950006257955e-03
1.369230372285299216e-02
-5.294054090404057972e-02
8.034081341807193868e-03
-9.207409501293917567e-03
-4.136447968753677882e-04
1.064803357218612606e-02
-1.518678689464888478e-03
-7.051583097461931911e-03
1.742322507519304328e-02
5.157703525413337431e-03
-1.294505746250170300e-02
1.395994371320738274e-02
1.308639020615029545e-03
nan
3.246841789823837719e-03
-9.326698069371822108e-03
-1.320093490430108091e-05
1.345652100087344274e-02
-7.926451874047843807e-03
3.303826591748164083e-03
1.050153797707039857e-02
1.333201326580151815e-02
7.324397219932082814e-03
2.590118466108845725e-03
-5.350519664700023950e-03
8.439049110158339598e-03
-2.969865979859013291e-03
9.430502949438902827e-03
-3.899942564628522640e-04
-9.760520666310501525e-03
8.407248148934010068e-03
6.648808562528452830e-04
-8.089206158762317356e-03
2.133209113319610439e-02
-9.830773137638358292e-04
1.254282813654242299e-03
3.454334251078507688e-03
1.768568072931693330e-03
-2.605303084992736593e-03
-2.169990515414543797e-02
4.508498111902523378e-03
-9.860636688058721858e-03
-1.175717009955154924e-03
-1.092073866026619863e-02
-4.763147577913750944e-04
1.325433065984986782e-03
-4.059710888230690616e-03
-2.591987207308709719e-03
-3.045073721163590787e-03
-6.062435519253775960e-03
1.539888452930252526e-02
8.023259696657743245e-03
6.241155542040239916e-04
-1.905292645915380306e-02
-7.254450082092121256e-03
-1.103575921369698808e-02
-6.264699967625511276e-03
1.994965991325512930e-02
8.420299798369177205e-03
1.182548886026688062e-02
6.931164219441818958e-03
-1.346602671087252824e-02
9.985797551532208174e-03
7.688665887745940904e-03
1.017532529084866225e-03
1.361888878336075539e-04
1.240390052988959990e-02
1.415180505819487247e-02
7.895939937728290239e-03
1.295903254487680394e-02
-1.110329860061352869e-02
4.707925597552019108e-03
1.871205898191094768e-03
3.523127194507781872e-03
1.179786652517101145e-02
-3.491350060233571004e-03
4.878902029582964615e-03
-6.346045916914422672e-03
-1.455162076417484789e-02
-7.437286204107982669e-03
5.065670498386453400e-04
-5.107805771098169675e-03
4.737998554928140975e-03
nan
1.338457725770525464e-02
1.004588857868029574e-02
1.848384018937202834e-04
-7.443736292843764271e-03
1.297837973130098457e-03
1.018581475785204291e-02
-2.435231357598542298e-03
1.274636517973892075e-03
-9.972554668455643062e-03
-2.469692899932183789e-03
3.629575762292483465e-02
6.361514675659969351e-03
9.147169100449027051e-04
1.440993317493701430e-02
9.810352989864839016e-04
-1.589675427902043255e-03
-1.697391553909417816e-02
5.978024537021456135e-03
-1.179546170936341754e-03
-7.695930335350907765e-03
5.823916812349581862e-03
8.433450388007314100e-03
1.591273714288059249e-02
4.233626648080513616e-02
-6.961700047043285419e-03
1.232459025711048900e-02
3.459656957507171830e-03
-1.796562523628765159e-02
1.397725786640581502e-02
-4.916962858210284504e-03
1.398645158123626442e-02
5.719328909815872899e-03
-5.080488459100785358e-03
-2.576455378897731831e-03
-2.447607289159934359e-03
3.572030659507638515e-03
1.734974169872892900e-03
1.426360348886082728e-04
nan
-5.771384780363050283e-03
2.117972262240588877e-02
-9.775691087249622005e-03
1.432751549070948420e-02
6.187793221003269964e-03
1.370086238862349912e-02
5.637804688063605824e-03
-7.428670920616391345e-03
-1.401861894306404357e-02
6.350249949842711947e-03
-5.256540908753478368e-03
1.485971495928133622e-02
5.486760773604598381e-04
-1.629467658584929715e-02
-1.531288044882450801e-02
-5.121012455299272549e-03
1.729709489502361452e-04
3.582999735183335557e-03
-6.470830215190681578e-03
-4.687028986409361511e-03
5.505756276035154691e-04
8.240899317301859581e-03
-8.632630769014937311e-03
nan
1.954662476969906953e-03
1.684419474716544393e-02
2.390514660677935371e-03
-1.459880621583602850e-02
3.704350084300599838e-03
-1.098953411115454783e-02
1.667565722254783084e-02
-4.265200880369001898e-03
5.099241620842054649e-04
-4.440069905712144653e-03
-3.055786464282634046e-03
-2.041477293080849742e-02
1.348829246035838578e-02
-1.252293335748699658e-02
-7.089504367775775057e-03
-9.309389213699536744e-03
5.962075693682664969e-03
nan
8.280051643521888632e-03
-1.179985354793533156e-02
4.360996234235523135e-03
-8.111746301370544162e-04
-7.342984938177954911e-03
2.679630116680577906e-02
-2.385344672349524759e-03
7.375476848954684930e-03
-1.762316621633654807e-03
-5.418629781638009853e-04
-1.002267552769218681e-02
nan
-2.055926985016141156e-03
7.552799609090186722e-04
6.550555074755260582e-03
-6.779732732329522230e-04
-5.365989478904668354e-03
9.218904285832447976e-03
1.451211724938523268e-03
-1.063509578455727354e-03
-1.869692613075709395e-03
4.219521924313355404e-03
1.689569741590209954e-03
1.018612310934800466e-02
-7.412616731257782102e-03
3.083459803850966460e-03
9.143797354260971635e-03
4.631354629574917225e-03
9.690496310723323639e-03
8.447603963577647937e-03
8.730727094659577678e-03
5.822146352110498142e-03
1.114468363767001733e-03
nan
-6.226416872320485185e-03
-6.520258713993590943e-03
-5.993878427694048400e-05
1.209761734797780604e-02
-3.176280298442378091e-03
-2.732238834686610742e-03
1.381997441674930396e-02
1.970545123714740818e-02
1.308578758234326192e-02
4.239494091439303947e-03
1.656672040084981867e-02
2.730991622235108551e-02
nan
-2.445406720001862180e-03
1.192932312492636822e-02
2.515270683954513690e-03
-1.604998588701695220e-02
-1.951759501794840534e-02
9.537422526061848857e-03
nan
3.614653920792756069e-03
-2.246342549700275446e-03
7.017933862982870565e-03
9.735910434797110172e-03
2.441549248179915744e-03
9.921127844423751480e-03
1.921417936313659161e-02
2.180508524315085198e-02
-4.727879241963173391e-03
nan
2.253077377181279123e-02
-1.602888789210790352e-02
2.790509766227372221e-02
-1.846185699654398623e-03
1.524452607997269990e-02
8.700919584041948152e-03
-6.630262013995803783e-02
-7.684535313554735625e-02
-5.945473133649806924e-02
4.441748883045133767e-02
3.449362392871851979e-02
-1.293882439196110401e-02
-1.140932266082164692e-02
2.232576055523892780e-02
2.722008839624544090e-03
-4.366176926322887231e-02
4.711459994267588186e-02
nan
7.317766916681822100e-04
3.834429723525348884e-03
-1.614781694850525931e-02
nan
1.258056374011003176e-02
1.583496756039923237e-02
1.288732930098778103e-02
-1.404457269657152958e-03
1.889959473782467508e-02
-1.443464742633444355e-02
3.708285737811884905e-03
-5.636477223389651375e-02
-1.683121264344109719e-02
-6.070778967013574015e-03
-2.891480252687441050e-04
4.261926270741815334e-03
nan
1.946059569556934585e-02
-3.611354662497317375e-02
1.244816010098987423e-02
3.038792777189693733e-02
-6.323640342669100724e-03
-1.003649711314066363e-03
9.427141301067379353e-03
5.018789185363978569e-03
1.988199156853158456e-03
1.717382043172356598e-02
6.216397835407229747e-03
1.867349458257709692e-03
-7.829280603699681484e-03
-1.378107543899650955e-03
2.147754281207419312e-03
-2.469480702162116237e-03
-2.862409041238947113e-02
-3.091348249368659241e-03
6.596514091478776314e-03
-4.950483834667623526e-04
4.588310741050622733e-03
nan
4.268352197321910978e-03
-1.311267769416285534e-02
9.792085727000038146e-04
-9.576454341377148641e-03
9.095799302250606494e-05
-8.656418329744711496e-03
-5.016899492337195329e-03
-1.923069028422877890e-03
1.586928395574012038e-02
1.283986479645088385e-03
6.448987557537333350e-04
1.320119629477996877e-03
-5.538484974478563583e-03
nan
-2.770676802585677299e-03
2.072333769759681765e-03
8.041593637928297735e-04
2.099784155545495693e-03
-2.599323883112696857e-03
-1.157260766050335595e-03
7.777747324839987160e-03
-4.872950930658355960e-03
6.212478025803285300e-03
-9.042691815887028348e-03
5.433302141735462873e-03
1.699981268794707777e-03
-9.409654419666813388e-03
2.432524878189825258e-03
-3.509614508558435691e-03
-2.093757027871511866e-03
7.017433308060167657e-03
nan
4.238206244502708449e-03
-8.564763300936358709e-03
6.326705303329714387e-04
-3.633900530906096233e-03
-1.239784404739380751e-03
-9.679279028071764365e-03
6.411687295454509064e-03
3.817127296330883029e-03
1.708777538075283197e-03
-9.166999425256170883e-03
3.312398285894946966e-04
7.837516250835876042e-04
-7.810412911940545731e-03
7.164506362883186347e-03
1.591711094240305983e-04
7.165132117017355712e-04
9.396660882307510728e-04
2.557344911487615009e-03
-2.979739330462197449e-03
3.305081816421346838e-03
1.368045742911935120e-03
1.714574754417466174e-03
1.320875020088792392e-03
-2.123450768882039884e-03
1.063813234091315167e-03
-3.319875805299756909e-03
-1.644726702918711606e-02
9.010036957803811654e-05
1.817711498456967001e-02
1.875495770815461182e-03
-7.571232884408531333e-05
-5.295560740948365534e-03
-1.574555016015809607e-03
2.781157963015643605e-03
1.305458613345175222e-03
2.511847761635190024e-03
2.709493414334339292e-03
-3.424224879773538760e-03
1.422206483765030933e-03
-4.819360478990334339e-03
5.674244343292423514e-04
1.293180278457494261e-04
5.467271348735315041e-03
-8.020504023449857856e-03
-9.083658206632345879e-04
3.267151301141172585e-03
1.782349532596444507e-03
1.049212285484144025e-03
3.765829316861197054e-03
2.764200375628431215e-03
4.371339231806887181e-03
-4.137061903894889009e-02
nan
6.241710228248149687e-03
-5.890263948478948776e-03
5.688711502771295891e-03
-6.471572377883853637e-03
-3.451568918217480519e-02
2.643526691313572569e-03
nan
-6.658961182438197061e-03
-1.481174390625275214e-02
2.339190255229980052e-03
-3.173572228410000053e-03
-3.518485854515235496e-03
1.229487624420479500e-02
-4.239999345666318857e-03
-6.591429587577663819e-03
-1.371348126251906510e-02
-7.338865117916089191e-03
4.839218582140168701e-03
2.148400686727248293e-02
4.870044718969957810e-03
-2.284382762145441108e-03
2.025333676670736105e-02
-2.999262544770791346e-03
-1.001412243818000126e-02
3.320755627823873506e-04
-1.348164706118140134e-02
1.762505536880803201e-03
-4.571426825647227632e-03
3.970346788511570739e-03
-1.838710042221937662e-03
2.469615327718239356e-02
1.053800662558670477e-02
9.037952846954728711e-03
2.543241204611294826e-02
-1.903916280484417231e-03
2.659358331985640575e-02
-1.404576497087365629e-02
4.091543759222464847e-03
-2.524606720110521285e-02
8.047205995523285318e-03
2.710768243056860239e-04
-1.542112454949387361e-02
-7.923575662887264587e-03
4.343923966345802391e-03
2.028712151965192390e-02
7.362209874881130850e-03
1.410850444204195253e-02
3.862548554461482739e-03
1.293931699070374232e-02
-1.381521919156478845e-02
1.887195729972503469e-02
1.787800549678757525e-02
-4.495497665689264510e-02
1.033407272437061528e-02
8.681508840740539143e-04
3.149103504483433125e-02
nan
-4.189955909673867031e-04
6.316875701473281812e-03
-1.205355784799744256e-02
nan
3.048747201289054437e-02
-2.515196290702252993e-02
1.680831311222855519e-04
-2.449582812553314625e-03
nan
-9.931970402435215395e-03
4.962893750829736397e-03
-5.995729572827572691e-03
1.931417803877850080e-03
4.372314979214766105e-03
7.904765338926563259e-03
2.441694766895958092e-03
-1.417063995537732636e-02
-7.110108579840166733e-03
2.846363204053885092e-03
4.839945837393455803e-03
-1.621109510865217668e-03
4.589959708032733364e-03
nan
2.386989976146585823e-03
1.050799034015546720e-03
8.763303699402995653e-03
-1.325116586131575361e-02
4.752908026874651942e-03
9.900483863558094677e-03
-4.889710633034947615e-03
-6.387168898237443986e-03
-6.339538803634136264e-03
-6.148266508285592756e-03
4.317356319917714340e-03
1.766994456652867806e-02
-4.027967303322226196e-03
-7.714403345226062032e-04
-4.577091339384131946e-04
-8.376039651760677817e-04
4.599015665369608177e-04
nan
3.292626033146117247e-03
3.755473253899816594e-03
3.135184392309899471e-03
-3.782192869964539489e-02
-1.217330895451048875e-02
-1.241098204009906218e-02
1.596605621890339818e-02
2.634008963089186275e-03
-6.006014527858216830e-03
-1.041262189510318813e-02
6.559970944660191254e-03
-1.061456669816580878e-02
nan
8.261446989319099279e-03
-6.564089259932726550e-04
-1.906473213143934642e-02
2.151241186670260330e-03
3.948244955097551454e-03
-3.958471982904746499e-04
9.588441006454199653e-03
nan
1.993962991642755575e-02
-1.968811905960810016e-02
1.254656891941021736e-03
-3.936239187739132978e-02
7.029012640343682873e-03
-9.621885130564462180e-03
1.178691446944448232e-02
4.976953764182854255e-03
1.590037667401306490e-02
-8.787140980114240343e-03
7.859019342172722522e-03
2.047569367253582531e-02
-1.166766135307898203e-03
nan
1.252148047094677570e-03
-1.047071611383006140e-02
-1.483572604709809326e-02
-2.404690107713761214e-03
-8.595369770209798990e-03
4.343428660935803355e-03
1.138208496697831057e-02
7.102077800670761722e-04
-7.762833079531930754e-03
-2.934572296973061902e-03
9.896797868670184975e-03
