4.705891037412713793e-03
5.199242513230108555e-04
0.000000000000000000e+00
-4.478015907711052276e-03
-3.558172070872790346e-03
4.515025844918343391e-03
nan
-3.490923439717036596e-03
-4.082872751724101780e-03
-4.475316111432271413e-03
-3.681771407276439485e-03
-4.085974467864790342e-03
4.482823379598674905e-03
-3.709355940934298910e-03
-3.697793943761296977e-03
-3.850931120726602905e-03
-7.034026657379935724e-03
-7.142249806082174787e-03
-6.377985293926620100e-03
9.973517914788608899e-03
5.255063284930073381e-03
9.878763180513987913e-03
9.911702520596470112e-03
9.908191326007143376e-03
9.960923328122558637e-03
-5.174750077377421840e-03
-5.014020237590450027e-03
2.556969130223863025e-03
9.972059198157154011e-03
6.095418971657645853e-03
9.971930816449066717e-03
9.301190940727203579e-03
9.913569075609439396e-03
9.961408985779842892e-03
9.981959363553831455e-03
9.984150913540108807e-03
9.908678235466511497e-03
-4.960648585221555038e-03
-4.962242084069820938e-03
9.236069869255571566e-03
9.393132646949943487e-03
9.925395946717950613e-03
9.956873542110436168e-03
9.244919167751950231e-03
1.002654870094148512e-02
9.898383071067020506e-03
9.291588334099418200e-03
9.927446947036759270e-03
3.409810204915435846e-03
3.063893538591802492e-03
9.921274737580140085e-03
2.952487725663967451e-03
3.904414249848022194e-03
4.066860735947209690e-03
3.253249182899467865e-05
8.249329802547498633e-03
2.996400189056779972e-03
2.665483586139880730e-03
2.814919089663014571e-04
2.527463190513952462e-03
1.999863689610506881e-03
4.749837855707822118e-03
1.778533311949111835e-03
2.378185245170376730e-03
1.758046135751470266e-03
3.670686984058692324e-04
2.348971078844397722e-02
-1.376362997531756964e-03
2.426875405858249998e-02
1.833199279477916790e-02
4.875862855274781110e-02
4.923183421411007898e-02
5.909974340467177845e-02
-4.257968622303528322e-02
-1.118590068498467871e-02
1.194763523581995901e-04
-1.742220233667800006e-03
4.147072579329522633e-03
9.915693939606692528e-03
-4.498919925565593447e-02
-2.404381283601412372e-02
6.380539681796124074e-03
-1.969712657397217417e-02
-4.178699878256363770e-02
9.025835022510260430e-02
-3.571907478910250899e-02
-2.983224212223194519e-02
-6.972014183267687126e-02
-5.468287375247453397e-02
-2.817693667298227372e-02
-6.999045409018070027e-03
-3.285532217727610976e-02
4.483821107117694216e-02
-4.988892478781226103e-02
-9.906187121100286375e-02
-6.020947882327851858e-02
-6.424537955465128847e-02
-3.632024103537210419e-02
2.204984446984547750e-02
1.277988703109649016e-01
-1.721002064700640974e-02
-2.411578668427236463e-02
4.693792807074530227e-02
-9.161533332130846613e-03
4.221571011905919657e-02
9.429066735379111608e-02
-7.965763094202498937e-03
nan
6.463342852211480249e-02
4.417969287233708409e-02
5.212858666334214963e-02
-2.939965398507368363e-02
-1.104835262363158266e-01
8.638554655121576109e-02
-5.369837780150831658e-02
-1.250048562624374582e-01
-6.898531482659678304e-02
4.080602740314126856e-03
-3.227668842119130882e-02
6.948431751090215769e-03
6.553732785734203703e-02
-4.824761666592094350e-03
-6.145999869266315085e-02
-2.377566478914907092e-02
-1.087102244624170710e-01
-3.908790537671792686e-02
5.866523822517513698e-02
-4.549902431190608332e-02
-2.860665224877145460e-02
-4.200975785970613267e-03
-3.575916376621476184e-02
-2.689635846561287680e-02
-1.174702465021205781e-02
-3.213815166898014580e-02
-4.384988652520105390e-02
3.418321202438300010e-02
7.777123769707133816e-02
-5.796912421332377219e-02
5.217810328517963510e-03
2.656528195744187887e-02
-2.728461827920147451e-02
-7.299011572478245578e-03
5.885751768796168050e-03
2.557746988471206861e-03
-7.320156142554122558e-03
-2.561348411215295245e-02
-4.220656621555515797e-02
2.316844735216270004e-03
2.737275624431994084e-02
2.788791720572838390e-02
2.678293291638106713e-02
7.810806599718761629e-03
1.523008202794430208e-02
-2.882013973457117628e-02
-1.401407431784421898e-01
6.581918176470974088e-03
1.199256462431273177e-04
2.321530825178404200e-02
1.176477271775371557e-02
3.186555990446147957e-02
-3.697116211464915314e-02
-2.275461505123086911e-02
-1.938902553781835306e-02
-2.109934534821261351e-02
-1.093663562413266406e-02
9.442525653078126524e-02
-4.490212069632908143e-02
-2.366991063967562384e-02
-6.402456518202455718e-03
-2.960078588781567266e-02
-3.678904482895199723e-02
-9.353409747352142006e-03
nan
-7.023583476917169728e-03
3.685674017370834266e-03
-1.111808858397704720e-02
-5.208671783075609352e-02
-1.058889460049135083e-02
-4.473360739282914583e-02
-4.935582568869139458e-02
-4.195839580740506197e-02
-4.413448292384276883e-02
-2.217436969376018752e-02
-3.683571616584936648e-02
3.155365138885084242e-02
2.886100078622250709e-01
4.124355006644025989e-02
-3.508924839934385309e-02
-4.593649653142657663e-02
4.611845222562845591e-03
1.248860562180619110e-01
5.797364891424297562e-02
-5.389926180712418385e-02
1.481508578514068204e-02
nan
-5.443388002312857243e-02
-7.410681323798026798e-02
9.769132896379788267e-02
-3.373104847451603716e-02
1.177852357578982462e-02
3.045306371783546018e-03
4.149051142925264785e-04
-5.618896567264611980e-03
-2.204348637001184164e-02
-3.203724839273577873e-02
-4.028739184498095205e-02
-2.895726397759694915e-03
nan
-2.335252520422692948e-02
-1.521960865593754292e-02
-3.165609139587371307e-02
-5.267976440572039870e-02
1.368552481851012179e-02
2.245678015395902952e-03
5.072798232039779642e-03
6.551038163413008819e-02
-1.023436701332631501e-04
-1.369012958653668434e-02
2.834703513902968666e-02
1.527871414895578747e-02
-9.440011643295789789e-03
-1.381285235242249790e-02
-2.589894062853972251e-02
nan
-4.643538823537606171e-03
-4.799131657159450871e-03
4.747559101171787421e-02
-2.368332302354064431e-02
-3.575917402059893696e-02
-5.566115388168433112e-03
-1.179321330520496924e-02
5.001774853838568055e-03
-2.798150010209354832e-02
-8.101904390606985175e-04
6.328831440324199364e-02
2.331453395412731028e-02
1.869199197373092524e-04
1.148504178785808225e-02
4.094923645485860214e-02
-2.455201542181964514e-02
-2.697496818735300658e-03
1.234053281900225445e-02
3.193133528085153466e-02
1.942736167712781192e-03
-9.165033603149123909e-03
nan
-1.916973688631010489e-02
-2.335651056102436719e-03
-4.415688362673507623e-03
5.674151624402971493e-04
1.143509758788655364e-02
-2.871120173921599267e-02
-2.146670155853110194e-03
-2.198800635524489344e-02
1.749781723787772287e-03
-2.789901019588921297e-02
-1.964896873182992582e-02
-2.420345182359207731e-02
nan
5.206698636213068394e-03
7.157522702460668990e-03
-1.355829110105651915e-02
6.769659212303917421e-03
-2.491416910742969004e-02
-2.973526388962606688e-03
8.497472562553515241e-02
-8.779903060074442309e-03
9.696959886698990061e-03
1.052243911109458429e-04
1.746022371190459124e-02
-1.976098451299110412e-03
-3.909088903696479426e-03
-6.736546346890604289e-03
4.289048584411998127e-02
3.215243810400623958e-02
6.975178366455379343e-03
-1.250321939052156071e-02
-2.884735530469566961e-03
-3.982127742777438750e-03
4.967747872246044971e-02
-3.306320831801184967e-02
-3.484234203818695544e-03
-5.512694611678023437e-02
2.757725059433412465e-02
-9.147574332232085922e-03
3.216481501264094323e-02
1.211156651541848116e-02
1.692407367819714903e-02
1.643367567217853681e-02
-2.209696444445539629e-02
-3.885034179267149446e-02
-6.391238539282364899e-03
-9.591124550724569597e-03
-9.965570807841301650e-04
5.605971759784782876e-02
nan
1.393420365934043949e-03
3.338758687157843824e-02
2.569031873763882520e-02
1.001415369100343809e-02
1.527611578662708448e-02
1.542398767889158369e-02
5.510118764438065586e-02
2.563740365253670134e-02
9.379641633231283748e-02
2.826307681178064080e-02
-1.043722492144954217e-01
1.877350559913669795e-02
1.278187092996351491e-02
-2.603367100934169537e-02
1.203528528322560416e-02
1.449356260035420015e-02
5.372796154952949772e-03
1.814192096618540487e-02
-7.467364514404520488e-03
2.165425277736503576e-02
2.017062054657404666e-02
2.861145418423917744e-02
2.082740933761163815e-02
2.621837834574402767e-02
1.217495171818330779e-02
2.958860707777044921e-02
1.780864721151169047e-02
-9.553354767486636756e-03
3.882535359395476726e-02
2.235618149696532234e-02
2.156795118487848592e-02
-2.166958770256944243e-03
3.899153647048020366e-02
-3.011500189019921422e-04
1.395942354897898065e-02
-5.984418336393564943e-03
nan
-5.543843055897400979e-02
2.642821192447343537e-02
-1.359105743393945222e-02
-2.515440896551605215e-02
6.272059926670199743e-03
-1.838440891518184142e-02
-7.402244276635559610e-03
1.041042472163141060e-02
7.181797455813545075e-03
2.935242908461228352e-03
-2.463374928057721069e-02
-7.042207660618088338e-02
-2.330590974580681179e-02
1.384155107921937206e-03
-9.746802704353305438e-03
9.204513478110668348e-03
4.766256779556847512e-02
3.904716498166319635e-04
-7.860010855215067774e-03
-5.440407866175900505e-03
-2.944294911012884305e-02
-5.756126976092345270e-03
2.777330346742796097e-03
1.221963413913403421e-02
7.072815483134304790e-03
-4.467482020644560764e-03
2.184405006766768076e-02
-1.048708223659043128e-02
-6.864184595527548453e-04
2.033860309041326045e-02
-7.795709922302466663e-03
-1.430800344160082505e-02
-1.521970755561237280e-02
-4.667505397606346029e-03
2.966999909390997513e-03
-6.447683665984658974e-03
2.092272036490488984e-02
1.565647986057040753e-02
5.500606585748506021e-03
-1.620593451666047912e-03
-3.648008555165840276e-03
7.030210969683583708e-03
-2.204114820455502222e-03
7.016851410096368704e-05
9.799791501955479323e-03
3.091151015161053717e-03
-3.473262808437164399e-03
-1.313134857826134955e-02
4.640020587454074009e-03
-1.760916253308877216e-02
-1.497306882668125033e-02
-1.328218735020156001e-03
-2.124926404022391135e-02
-3.716516404469678240e-03
-1.131503572116940477e-02
-2.912663743664644506e-02
-8.727339178212058235e-02
7.902632514044215109e-04
1.798425186211722454e-02
1.268046139878446603e-02
1.757850611294261081e-02
1.266018934771555131e-02
7.042233795846452281e-03
-6.552133785791862050e-03
8.223620645229648418e-03
-4.234999189229894483e-03
-7.554984104435035104e-03
5.049187347489183381e-03
1.837019576490466280e-02
8.722031528788734903e-03
-1.246685833096598198e-03
1.874425322672648676e-03
-7.950676306472699920e-03
-1.486354300952302983e-02
-1.291580495587981098e-03
-1.197691973955624517e-02
-1.837748126919896280e-02
3.415577192908615667e-03
1.380549932494195067e-02
-1.231538288080014608e-02
-1.254182359948658766e-02
-1.455463278892733803e-02
7.210064588173749692e-03
8.573501029406623702e-03
5.110754661301800117e-03
-1.620002083966894796e-04
7.181844721228773480e-03
8.463729303088283334e-03
-8.166758992313647575e-03
-5.816734735899579609e-03
-2.415435693628966915e-02
nan
-4.452943356534179442e-02
2.142018468106007822e-03
3.772651093538625933e-02
1.702343793174125380e-03
3.134826352506694253e-02
4.097428993021463850e-02
3.119330916128998724e-02
6.043848573536336755e-02
-1.985073406997285919e-02
-1.591265455091719211e-02
-2.712235712239652319e-02
1.006968647776253396e-02
9.209648854503515655e-03
-1.084265539797623495e-02
-7.556304869607285285e-03
9.813963169063502981e-03
-9.137031705484298036e-03
-1.728385937471705810e-02
6.134421135841508325e-03
-8.970954263972650763e-03
-1.065854278954225624e-02
-7.873785974307831795e-03
-2.767112151451601304e-02
-1.968956237159130707e-02
-7.650674031253187207e-03
4.183746044635108449e-03
8.332578553520373623e-04
-2.648430151620946929e-03
-6.281312091362597008e-03
-7.148902672964048584e-03
-8.314741340762731026e-03
nan
-7.416577516382252648e-03
nan
1.862277487189204633e-02
1.722805927761466779e-02
8.332619703690292978e-03
8.665349466849495141e-02
5.407717946920867491e-03
4.393364426530415451e-02
-3.330769133615545108e-02
1.387705863727956360e-02
2.421132430116101214e-02
2.590541374867643895e-02
4.320748434166585186e-04
3.381831368634597313e-03
-2.127936290321100557e-02
-1.993225002044390209e-03
1.720683987018128502e-04
-9.354864080801642348e-03
2.604292453175987426e-02
1.012668891956429798e-02
-8.994273996417964309e-03
6.173079258782628725e-03
-6.110661782255478146e-03
4.635493629979432414e-03
-1.698324412351610857e-02
7.848395772765663289e-03
-2.374505199263203439e-03
-3.561346857629900213e-03
5.324648908514923416e-03
6.423389803509631062e-03
6.588142697338109956e-03
8.815279646128701407e-03
6.630568931249740394e-03
5.357501641926455324e-03
6.476670004367507567e-03
-1.614276617823480822e-02
-8.531605840258967705e-03
2.712841856878602919e-03
-8.033613774751450706e-03
5.879097712210673912e-03
3.132723510079541557e-03
4.803669322047442528e-03
1.133018745274595555e-02
3.887838466968879594e-03
-1.803053394846082904e-03
4.933428501901026934e-03
-1.315164787768866202e-02
2.537276310273951264e-03
-7.704313297988195711e-04
nan
-1.099324969810604700e-02
-3.495675212105436858e-02
-2.826850787355969855e-02
2.169879757236401613e-03
1.308928183993078066e-02
9.430455963925566884e-03
-4.590217375236457743e-04
4.433166118526791675e-04
8.075761694006804159e-03
1.754248035758942253e-02
5.809081715250884355e-03
4.146270007529213875e-03
1.050628204805340721e-02
-8.873372819253081637e-04
nan
1.064231845154618196e-02
4.628976514596028040e-03
-6.346294973529817245e-03
3.233202032985399692e-03
-3.806037957337432380e-03
-1.978908582013763975e-02
1.087863029377490395e-02
-5.444842514060047219e-03
-3.990621631438948731e-04
-7.012789513262354668e-03
-4.882925727684586832e-03
-5.416046689183001001e-02
-3.987491455329630896e-02
3.273543426918109874e-05
5.435297424575267697e-03
-3.207016804960549639e-02
-9.283264452439102948e-03
2.602064809936311188e-02
-1.874831142392852784e-02
-6.695231535295190391e-03
-2.195998195902990752e-02
-2.395071774638571089e-03
-3.348645082590054334e-02
1.337890014002070249e-02
-6.988618809310983074e-03
-5.636704334934737257e-03
1.394860851543575780e-02
-3.907625065499500429e-03
8.300159741877982320e-03
1.874595042689696563e-03
-5.731655708825639239e-03
-2.097145286510120055e-02
3.948925448597478439e-03
-9.122446141766727898e-03
-3.342912877245496350e-02
-3.484387529025781416e-02
-6.543345423860914833e-02
1.705491645932920297e-02
1.558792654129963901e-02
1.601965237500191028e-02
1.442850397298434985e-02
1.792373648490607667e-03
3.345311601197383227e-03
2.864517115717338941e-03
3.668072893158996501e-03
-5.730141213844284521e-03
-4.715191354374669019e-03
1.525736853914350100e-02
nan
-8.741562002299613221e-03
-1.670464992940268525e-02
3.596057879180413527e-03
-2.159745523535192696e-02
-8.059157353725190584e-03
1.334899385249870268e-03
8.849161709190743463e-02
-1.105493405434417736e-02
6.220350337465654737e-03
-6.114760375115730479e-03
-1.935451166946114757e-02
4.920006566403519778e-03
-4.773477410419609684e-03
-7.606054686594661447e-03
-1.513783096184394533e-03
-7.467180329143108079e-03
1.292801745811810853e-03
-6.026518362927514236e-03
-1.342252991683192710e-02
-1.447855033465918250e-03
nan
4.990639429495650689e-03
3.538229139167056725e-03
-1.164209721796286186e-02
1.385809737405699002e-02
-1.175197478147698912e-02
-8.508511591582400974e-03
2.105275238152979310e-03
-2.721648262348535380e-02
-3.319567813344488812e-03
8.281893896217008832e-03
1.583550443136998642e-03
-1.208235019359484193e-02
1.115908190346363849e-02
1.050096932745053216e-03
2.705518987655678234e-03
1.148630868464232437e-02
-1.318549672252639429e-02
-9.594174687363302145e-03
2.070382226763693278e-03
8.922778024216065917e-03
-1.632305118617044526e-02
2.200784585312822849e-03
2.106067558185002221e-03
1.241440227790435724e-02
-3.949601018669138784e-03
2.456298567902440166e-02
-1.975816379546664614e-02
3.342242127461281936e-02
6.827369034608973472e-03
6.398921855348110171e-04
5.466929574493823753e-03
1.693738468627944960e-04
-5.672623291526979541e-03
-4.516921478058781927e-03
-1.190805416465592383e-02
-7.395080025807943512e-03
-5.759308349763210457e-04
-4.878269551693659688e-03
-7.510407268146617084e-03
-4.923952739081363487e-03
1.170935260849407036e-02
2.132611728984914502e-03
-3.532635270191058444e-03
-1.167902507564417061e-02
1.938427551209031749e-02
-4.064038968234352789e-03
-8.281653289343287108e-03
-7.160268227687009018e-03
-1.137722282317263876e-02
nan
-3.103082528771921710e-03
-8.119953188652636114e-03
-8.990015452387013772e-03
1.161511650946126482e-02
3.657161286815971066e-03
-2.217247446174904196e-03
3.070063684284796493e-02
2.507474314430835002e-02
-1.001123058074478850e-02
-2.958027649546346948e-04
3.176453618098106640e-02
-1.218664644741979108e-02
3.316410708206234126e-02
2.315865077586260617e-02
nan
2.062594566025564846e-02
1.438866088470474973e-02
2.282294209416050462e-02
-2.356454415183780945e-02
8.733342538976169092e-03
-1.512619618664799888e-02
2.417922940173537760e-02
4.460046148159085323e-03
-8.323244973013548681e-03
-1.223152468339271147e-03
-2.528452215861279849e-03
-1.066915459996374722e-02
-1.222867624573318116e-06
-2.195662885444307419e-02
-1.465162269604288782e-02
-5.135313172606493191e-03
4.627937918568004148e-03
-1.630576612412487636e-02
-2.290598181633011349e-02
4.310737220412271149e-03
-1.143610375488137917e-02
2.356383073706017940e-03
-2.369866641364790430e-02
9.657933520651594160e-04
-1.411510677034709393e-02
-9.411470926480576191e-03
3.866769056954272830e-03
-1.023820888953054856e-02
-1.224167950729999725e-02
-9.143867295738560778e-04
-4.267197095278871082e-03
-2.101438052576292542e-02
3.372126188745952491e-02
-5.703900358398263787e-03
-6.893337541548459971e-03
3.658039303058285580e-03
-1.378848479392565628e-02
-1.161171036188099123e-02
-6.890586727462093145e-04
1.309884821855603759e-02
2.215000652257969379e-03
-1.432232876593877817e-02
1.828274956644638030e-03
-6.106408075444138585e-03
-1.171587738604958420e-02
-3.714178162358105963e-03
nan
6.131015898432594022e-03
-2.353057386858326688e-02
1.710791596697663203e-02
-1.816723117362860351e-02
nan
2.006083514315721780e-02
-4.920481901754709085e-03
4.667922243899081183e-03
2.755241750417075988e-03
2.963659336806380960e-03
-4.589850630550455952e-03
-1.697854085525177248e-02
-6.064707262157299252e-03
-1.592531597465020668e-02
-9.639299820165099508e-03
-2.472722919129965655e-02
-1.103821982842918305e-02
-2.619829084846298298e-02
7.779944435743083551e-03
2.025542697094882133e-02
-1.801698960720196120e-03
2.726826319106277763e-02
2.044335748792546273e-02
-7.909224480754263945e-03
-6.389829583857185337e-03
-1.375541016307126573e-02
-8.806146321790808348e-04
5.446654112424502425e-03
8.942455269975323542e-03
1.621406258937626785e-02
7.287860768558250199e-03
-1.498724688708697947e-02
6.185157944735317041e-03
-1.188475211983669802e-03
6.311725467337611119e-03
2.654505937096753206e-03
-1.452501910999961718e-02
-7.197107848401338229e-03
-1.288067545588534419e-04
1.099526922217735833e-02
5.498263187232456080e-04
-1.415427104085415335e-03
2.625915985629875393e-03
-3.677883717519949119e-03
-1.388576356059333279e-02
2.592111033927488230e-03
3.756103207700005418e-03
1.038548775530495974e-02
nan
5.151160419759171979e-03
-1.533650923122903582e-02
3.711547495058130494e-04
2.324048925757548137e-02
-2.354139719128787653e-03
1.057220064496008243e-04
2.467182628746446781e-04
-3.362959224856025293e-03
1.119306692059029648e-02
1.482192052374455352e-02
9.349117629472104753e-04
1.617903351110614937e-02
1.192887989767501232e-02
1.393371049530013617e-02
-4.957946941082128425e-03
3.873461259301728271e-02
3.750516097436309981e-02
-1.119004685029257543e-03
2.123894217242337790e-02
9.078712086383595656e-03
9.110291199410994190e-04
7.478632519708378577e-03
1.712708112285120723e-02
1.488144517776851701e-02
2.389366009626759432e-03
1.056073039136141978e-02
3.698287062844901455e-04
-3.011009311227718505e-02
-1.457178850377664411e-02
-2.215496464336641144e-02
1.958009707913084627e-03
1.674347005795448831e-02
1.264598872518455167e-02
4.177154999140329263e-03
6.914844786576594508e-03
-1.737376975243099062e-03
1.863410588203825297e-02
-7.512503853293921001e-03
-1.744951955763796719e-02
1.371919445026367410e-03
1.062986786484031859e-02
-1.045187774691640203e-02
2.280629255336934919e-02
-1.725194780673253462e-03
2.795831043543975380e-02
4.064915123421043719e-02
2.541242035305558630e-02
3.854242046728770243e-02
nan
2.463042847841433527e-02
4.635476755167944329e-02
3.503430160518816033e-02
2.152002264009698906e-02
-2.295896577658235529e-02
2.773529220263811629e-02
1.395104289542087490e-02
-1.645804727145747798e-02
5.771103020912154470e-03
2.824816504576520976e-02
1.566087856255181029e-02
2.132021050737269163e-02
2.242254077687413916e-02
2.197620652210850387e-02
3.473424898830856228e-02
nan
6.126391391866477763e-03
1.035913936392356127e-02
2.185042788240245532e-02
-8.617892351414653540e-02
2.087493448315766095e-02
2.873459859571235106e-02
-3.744315723144849006e-02
4.072359319691286686e-03
2.658311647831767752e-02
-2.390891610240959003e-02
3.736024510049014424e-02
2.171964089691363897e-02
1.465579930876037551e-02
1.477543886566316626e-02
5.194554629110475358e-02
8.276687061131391202e-03
1.939931119249584807e-02
1.469319108395517048e-02
2.034993541012814974e-02
5.546608011951008506e-03
2.498187730403659754e-02
2.125585437990975407e-02
-2.624617815723861991e-02
2.793817204122340386e-02
-2.512465164856100483e-02
-2.433742014490296660e-02
-8.777044943232954755e-03
-1.466969636665925274e-02
-6.502820599058456571e-04
1.368564833708084405e-02
-2.653759208347120091e-02
2.563655773775862234e-02
nan
5.907826606413113003e-03
2.408178915889518708e-03
-5.272748637825013657e-02
-7.462227240373886517e-02
7.819069905740008708e-02
nan
1.566977941001364977e-02
-4.152313848942341956e-02
2.042268784345049187e-02
-3.651865385278765808e-02
-3.665580957178743438e-02
-4.591764915407633985e-02
-3.046744884587668234e-02
4.354278638926800671e-02
-5.781685790058933849e-02
7.182991275257389480e-03
-2.361356568848474100e-02
1.821943405589206838e-02
3.725726209790846104e-03
-5.387207983026561821e-03
-3.175253426537966162e-02
7.454624346721339979e-03
nan
1.846801698456203159e-03
-2.550819587410873418e-02
-4.495921994294539009e-03
4.486234461302706505e-02
7.540546532492046518e-03
2.945396111956143786e-02
1.314521608935944816e-02
-2.167537994351015698e-02
-5.346053509448311231e-02
-5.482668565037341485e-02
3.381898379563387600e-03
-3.059378416259275410e-02
-2.716541016726647592e-02
nan
7.486689348963725121e-02
-5.375458934208174333e-02
3.583765528823566054e-02
2.220772877885054952e-02
-6.528892089322999026e-02
-5.226541231619813085e-03
7.019444434644352138e-02
2.193159566049256159e-02
-3.741802301805428194e-02
1.245922997741697597e-02
3.510191061878426694e-02
5.185041227895418291e-03
-1.533046949629598456e-02
-5.607782755160382101e-04
3.237384440853119383e-02
-2.372538961034420003e-03
1.635819288951969111e-02
1.050695015008126960e-02
1.973530405453193665e-02
2.912834095787202732e-02
1.939913108908325121e-02
5.073881314549969108e-03
-3.444831321174560146e-02
1.141638114896718556e-02
1.927438560297084144e-02
-6.930012406273584370e-03
nan
2.802766073251572107e-02
2.114951996010193402e-02
-1.781979903782059810e-02
3.269465477204606257e-02
-1.763524803686206122e-02
2.837276504062857981e-03
4.765725967719572180e-03
3.300506333426669187e-02
5.231596943098719595e-03
1.654996261309766778e-02
5.473637963624571577e-03
1.595792330227693151e-02
1.168524525941889124e-02
-1.077613613328936432e-02
2.390792274390277777e-02
1.839379160767932661e-02
1.470006333048508654e-02
-3.357681963230933330e-03
-5.961679271738447999e-02
1.096984565445777507e-02
-6.982860906834774395e-02
6.793665037740044543e-03
1.228264334944731938e-02
1.465172569949533361e-03
-2.688918379377593440e-02
-5.935743353784609516e-03
2.049646592144026974e-02
5.529631194841402040e-04
2.661368762945829844e-02
3.643123445663028898e-03
2.704949840014208087e-02
9.122060833038221281e-03
3.148474671496140354e-02
4.467786586424522290e-03
1.697265661738278988e-02
2.913968851940068692e-03
1.498636766872682782e-02
-1.023763488283614687e-02
5.228178974867551260e-03
4.007279496757660056e-03
-1.098420347756036246e-02
-1.616451064079314770e-02
-1.439423280935808909e-03
-4.894113942610071877e-03
1.169402808045038461e-02
7.286658780918829278e-03
-1.217740019280124340e-02
2.222611697926149370e-03
2.072779482358162728e-02
nan
-5.126704361895555347e-03
-4.910652553995273339e-02
-4.714910700557296309e-03
nan
3.851399007028897137e-03
-5.202216943995255360e-02
3.420608950646889662e-02
-2.424701201755881039e-02
-1.653002642087745763e-02
nan
2.862788826073420570e-02
-6.894159589464218287e-03
-7.985973316913082959e-03
7.979257276559079473e-03
2.087962192728879535e-02
6.454559390139784532e-03
1.318771456049367026e-02
5.305283104802321383e-03
2.088296846425233624e-02
-1.113662395973020287e-03
1.592994593915493529e-02
1.526887579070167200e-02
9.384676528166203263e-03
-3.846246077869752960e-03
1.395439115913391960e-02
2.459621339245498736e-02
-5.376982093071271812e-03
2.534823565299069298e-02
2.492679851750630865e-02
9.545296530903265783e-03
9.659653152909578044e-03
-1.453333281960951778e-03
-1.861955827999833401e-03
5.174752481439871821e-03
2.842456642664400318e-02
-1.420815401687879238e-02
-1.914219771059970723e-02
nan
-1.669200711219501199e-02
-3.080779782508749620e-02
-7.234904726346288138e-03
1.368989840938661558e-02
nan
2.507997567178607903e-02
1.112967199618329281e-02
9.159728459379011187e-03
1.815486276396256413e-02
1.304964927126363566e-03
7.740685043358532880e-04
2.076883657614804046e-03
nan
-2.403860417307499171e-03
2.227624203002790022e-03
-1.525131863407886389e-02
nan
2.989361654604956019e-03
-7.679626449352707981e-03
-2.978724861162835788e-02
-1.324149410988466726e-03
nan
-1.762642436176433541e-03
-8.193324383004600350e-03
4.367026225227103008e-03
1.918733421833940939e-02
1.756282875083389284e-03
-1.235085595573406263e-03
-3.005756417527911603e-02
7.599650500662016514e-04
-3.866283225910090854e-02
1.287273211126712009e-02
-7.324464685633341916e-03
-1.379006284356556339e-02
-1.978926652350543325e-02
nan
-1.810893003051567210e-02
-1.656613403536994975e-02
-6.136489716675274861e-03
3.705838888286133379e-03
2.263852524011615228e-02
-2.088367825933085641e-03
-7.342096735070371971e-03
1.901531166361649164e-02
-5.927530322413854594e-04
1.179864842920152600e-03
-1.168979029478871626e-02
-1.030004884085383883e-02
-2.973168296971697225e-03
-6.677774039309298908e-03
nan
2.847808860500035746e-02
-1.725001561510462744e-02
-1.480428657574820415e-02
3.136301948182460800e-04
-5.357329636077985343e-05
2.718197699801638834e-03
3.040509352756246356e-03
-6.397076666878106360e-03
-1.888673876125904899e-03
2.262966913237549754e-03
4.510505938212607045e-04
nan
-9.048191982580668438e-03
-9.053924900963129059e-04
-7.621843480393153750e-03
nan
-2.732485026052535555e-05
-5.971069572293624672e-03
1.610972002973808494e-03
1.184868981930353379e-02
-2.771907243078365266e-02
1.064208331889635213e-02
3.981054391107781074e-03
-1.639415704096468598e-02
3.050629008093850799e-04
-2.401584748632948699e-02
-1.750912895735794866e-02
-1.263856601817944965e-02
-8.894810995166447035e-03
1.031794870599498509e-02
-1.520903707891657977e-02
-3.758548076619707985e-03
-1.754994399978839631e-02
5.661537879647976328e-03
3.345805209325351196e-03
-2.158258717626644271e-02
3.203051497043126871e-03
-5.648255120731902369e-03
-2.963627698006333216e-03
2.091499121978198077e-03
-3.522782924969885751e-03
-1.427061415555979903e-03
4.921013290871542253e-03
1.119625129392603146e-03
-4.905014917201867483e-03
-1.033034524482634962e-02
1.060615564343043299e-02
4.508044926399884002e-03
2.663506479022035960e-03
1.593679756789103535e-02
3.670037759873940805e-03
3.018756969624228001e-02
4.801000160736821135e-03
2.380589926772202353e-02
3.768798401496578458e-03
-4.468111826556673237e-03
5.023735868136253516e-03
-3.717400734458635447e-02
-3.464097939076072729e-03
-1.699087244133632227e-02
-6.715370178806112081e-04
-9.957469102886251210e-04
-6.176872914899833762e-03
-1.131913353921401577e-02
-1.102787569761273356e-03
nan
1.157143845216244971e-02
-2.188137394774814989e-03
7.469612653051222947e-03
1.983582840923725846e-03
-5.839324821721170178e-04
nan
-2.698313177761400145e-03
-5.444903685557652556e-02
8.069592063945451796e-03
-2.467725548661190219e-02
9.712007121126018869e-03
6.060943002589228371e-03
-1.732807261625807574e-02
1.032534733422594934e-02
2.361866738641841407e-02
8.257041164441127068e-03
1.878564569201360279e-02
3.145231043689959190e-05
3.332777151184462827e-02
-2.155959558521964615e-03
1.323096328920334887e-02
nan
4.311325356253959892e-03
1.603329110594022347e-02
4.284217085028019017e-04
3.349463481391030235e-05
1.586489367055258538e-03
2.833854450980435868e-02
-4.683644109051238354e-03
-5.931982502110647038e-03
4.880111141722079837e-04
-1.616492268666663845e-02
2.353815351032913662e-03
-1.772896400813679489e-03
-1.813002191901233809e-02
-1.856390337196600583e-03
-6.854535193720647304e-03
-1.031985149076706382e-02
2.012868148055101461e-02
9.205329414962791501e-03
-1.766330069567274841e-02
9.165176316482359989e-03
-2.901036156914821307e-02
9.599846514928104049e-03
9.071750428000107530e-03
-4.125631799954460575e-03
nan
4.678465839507119019e-04
-1.533424193080929962e-02
-1.635281536705309943e-02
4.909082171778623603e-04
2.054006186876050633e-02
-1.057681251684931822e-02
3.389072795340785770e-03
nan
2.689351808543858692e-04
7.346248712041205178e-03
-1.139954589449688159e-03
5.785803920698433245e-03
2.680065716494112334e-04
9.570749106897301697e-03
-2.230679760218930510e-03
2.385210561931760953e-02
1.725203008135716212e-02
1.368134469581253933e-02
5.701506645513930785e-03
-5.162328252123452206e-03
8.224698715698159496e-03
nan
3.078513014498473338e-03
-1.713931692649372715e-02
4.247440572764461623e-03
nan
-3.599165079489623307e-03
6.617432051997749337e-03
-5.157307210445683313e-03
4.063334807368902679e-03
2.269262132338994292e-02
-1.944342366040807419e-03
1.836347613759262143e-02
-9.994425583804357645e-04
2.773333742999800622e-02
5.176199868834938274e-03
6.045199960086217357e-03
3.292328989752348837e-03
3.518618168293147913e-02
-1.722171253820525133e-02
-8.017542312781139602e-02
9.329912341959348959e-03
-2.589428884796563315e-02
6.228152838231487513e-03
5.768908608973994170e-03
nan
7.818186517232508098e-03
1.871227860652344838e-02
2.239659174940121511e-02
1.927768299337560137e-02
2.553663502617158076e-02
nan
2.143405550267228274e-02
-1.651399716130494411e-02
2.997842945154100686e-02
8.699557753617307571e-03
2.990256990219545760e-02
-5.865814354559167193e-03
3.298694233581000307e-02
4.597905638592221511e-02
2.142578197386446268e-02
-2.020863264886394242e-02
nan
-3.392142961044104787e-02
2.385187791410035493e-02
2.359506677201830827e-02
8.744798452880925277e-03
-8.864943112488461729e-02
-1.120447215056412024e-02
4.802672525273985610e-02
7.119766052541162855e-03
-8.873175410391566376e-02
-8.189739509293334635e-03
-2.555892297850354336e-02
-2.705962950749125212e-02
1.874654085142826374e-02
2.715603201716721479e-03
nan
3.230477300505285587e-02
-1.372665990301085619e-03
5.012276616914619620e-03
-1.713787720787655205e-02
1.571116562615994250e-02
7.267350089065214951e-03
-5.573968762623386641e-03
2.645275070545885857e-03
3.380104292676455215e-03
2.475580572006165839e-02
1.758919897184531289e-02
-2.628999088013465532e-02
-7.110774131497966943e-02
-5.473067422597478748e-02
4.425502570738206257e-03
7.498655180982347936e-03
-1.796654626903814583e-02
-6.278488889024816041e-03
2.320889656894210146e-02
-2.904994825800540428e-02
8.037037129322540871e-03
1.735256228143523469e-02
2.131062125348613320e-02
-7.280939772055679965e-03
nan
1.628196472017819432e-02
-1.454797322267259614e-02
-4.256623662587354084e-03
nan
-2.824557302996014846e-02
8.366770832287017887e-03
6.407321130911583333e-03
4.978828034871404839e-04
-1.561134934073743312e-03
-3.267115165144920952e-02
1.283046627986262093e-03
1.440615321217641673e-02
1.895933957656003796e-02
2.280725679315690445e-03
-3.519828448597159438e-03
9.992630185009759424e-04
-8.749291113535385273e-03
9.222812395661344337e-03
2.413635888365156870e-02
-7.523771799345582191e-03
-9.168879214827897230e-05
1.545188259458196104e-03
-1.864642360337990037e-02
7.697196815991705528e-03
-1.778005266580725413e-02
1.435375929255430089e-02
-7.417689405682230744e-03
1.199704786044226631e-02
-1.217871139721482792e-03
2.561544511859377166e-03
4.472836923941363521e-03
7.890162847800715959e-03
4.606811693190347723e-03
-1.213744666976884073e-02
-2.502943988484419499e-02
-1.569251447250267443e-03
3.983689190531341032e-03
nan
5.348221440298042174e-03
-3.003898985015982914e-03
4.356584522002946228e-03
5.340139526749965518e-03
6.280609843985189393e-03
1.176216074905469047e-02
-7.643401903097692303e-03
4.821296416305303686e-03
7.524100834984424196e-03
4.118555225921255968e-03
-7.618566814011087061e-04
nan
-5.254245585946157315e-03
-7.389840377615908978e-03
-1.384194655339185745e-02
nan
-7.902428750243358294e-03
2.175569546010430906e-03
-4.850660382670318738e-03
nan
-4.480711278009037735e-03
-5.882197118556154077e-03
6.767497487868208428e-03
8.692951670622244345e-03
1.090956700437942370e-03
-1.656085172978254832e-03
-1.436275674980173368e-02
3.889052685156476306e-03
6.064096208225795703e-03
5.312433312399682597e-03
8.941834441945325021e-03
5.546758181598496380e-03
9.300483289662484984e-03
3.694727717171470728e-03
3.315565578035542960e-03
2.751294939359212426e-03
-3.280723554422173682e-03
7.566237157217429142e-03
-3.561212573780184187e-03
6.068337762790941559e-04
-7.778713688602200901e-03
4.861044652938210572e-03
4.407442753343334893e-03
2.801734944047998364e-03
-9.464019420835710628e-03
-2.414009172639751399e-03
9.740634906170461335e-03
5.464596838847628462e-04
-5.048110886802317961e-03
nan
5.213598482089184388e-03
-5.395931456210231562e-03
3.862578315810672944e-03
-9.921690647482397929e-03
7.314491340054581070e-03
7.725911102331510689e-03
nan
1.225338314410079170e-02
7.365482079565315076e-04
5.889072823428779559e-03
2.861326910914055097e-03
-6.057141782295687692e-03
-1.805917021558539224e-03
2.291191314629656677e-03
-1.544066030033987291e-02
-1.150083573375569558e-03
nan
1.464822494161715886e-02
3.398550967012372269e-03
6.410678759450943488e-03
-1.982383725654799159e-03
5.206903041837157575e-03
-4.694408030039538306e-03
nan
-1.058398757098182041e-02
-2.556120607616099022e-02
2.440857428533045603e-02
-6.073079874674492014e-03
1.064246004265993924e-02
-1.582651302246611442e-03
-1.295978322561843962e-02
-3.382046729592893142e-03
1.099225780088899061e-02
1.868116743144314709e-02
-1.658286467983268158e-03
-1.221813867035373251e-02
-1.119534794799786036e-02
nan
-3.786741378896493065e-02
-1.500086805455023292e-02
4.012225070054861731e-02
-2.207599893855982653e-02
-4.135458050982313699e-03
1.210404285665449622e-02
9.066982725861887429e-03
-1.424943443174489640e-03
2.541074515447347762e-02
-8.209476397381662571e-03
1.630675577223129153e-03
4.265701635918131736e-03
nan
7.218991560043548986e-03
-7.099217205331063464e-03
5.571418700351561323e-03
-1.826110846078764487e-03
1.352935360043328560e-02
2.647755216334190392e-02
5.449511905852186949e-02
1.115017819915211858e-02
1.905426727679956911e-02
2.440929947419567814e-02
-1.988535033735021676e-02
2.542909326145430596e-02
-5.425963607122634511e-04
-3.405060851282992566e-03
-1.719316982862521478e-02
-7.773920692176051854e-03
-5.745291126805220083e-02
-1.215074457955250126e-02
-4.064598540050676050e-03
1.370982070988646835e-02
-2.976520380955796283e-03
8.567907498590307536e-03
1.957780549071587786e-03
2.052436175234561601e-03
2.192212563887905794e-02
-2.614209494128154343e-02
3.963782522338024292e-03
-1.281224943372413945e-02
-1.200907859292575652e-03
-1.629116189461941519e-02
1.439846594053157541e-02
2.077279283240169097e-02
-1.175435977181267695e-02
1.303549120976847664e-02
8.345360811118642322e-03
-1.585947982943940150e-04
-9.817037191004339761e-03
nan
1.144453708039063801e-02
5.024363812193881817e-04
8.464136146065637592e-03
5.828665047134401651e-03
-1.845773478152834546e-02
6.157063395310173430e-03
7.210789876443809455e-03
1.331260036808545703e-03
8.457577998772846739e-04
5.616918832737165940e-03
-1.413847251269015337e-02
1.157599566801428143e-02
-1.224219618680936095e-04
7.499849542478636936e-03
6.576225328537327330e-03
-8.039173218851623781e-02
5.037493497037395275e-03
2.257980219907606764e-02
-2.779127297659493567e-03
3.097966433050911711e-02
-3.052214899767479242e-02
-3.459155196674626453e-02
-3.161720593313592509e-02
-9.055184741806242277e-03
nan
-4.868963724329627984e-03
4.940506678017311457e-03
2.477017723046203834e-03
nan
-1.873527762912745396e-04
2.423068687880066720e-03
1.493074765197646182e-03
2.187406246504204274e-02
2.376014151983059462e-03
-1.022775491328847992e-02
-7.963720323538017645e-04
-6.071015759997685363e-03
5.554206176736600775e-02
1.756820895135315086e-02
3.064456869311973225e-02
2.642427761169778393e-03
1.735878880095782437e-02
7.490343320941002074e-03
2.315248581251946880e-02
1.464843607818935769e-03
-2.391094310541416659e-03
-1.888633248857282329e-02
5.648355257165307147e-03
-6.357503356532691850e-03
-5.851526957010715372e-04
2.605937692456702925e-02
-7.126217509994612308e-03
-8.233442885515447965e-03
1.820563318823203926e-04
1.841981130228288743e-02
1.107542981803513044e-02
1.082520219018707347e-02
-4.868200378909729592e-03
-8.155400170596540516e-03
6.530125719159230770e-03
7.533871952349071276e-03
