4.713637098980566487e-03
7.449067007802877619e-05
-4.214017824545806222e-03
-3.609696327621310635e-03
5.020672501346785596e-03
4.613356641244100234e-03
4.553096128452646489e-03
-3.452420120855379838e-03
-4.055869344134926426e-03
-4.130596070740333130e-03
-4.376374599798777201e-03
-4.219590093987144949e-03
8.215914230486266083e-05
-4.336954254077308307e-03
-3.824096438403505691e-03
-3.720532087542791078e-03
-6.869247618883046573e-03
-6.748156193239132974e-03
-7.535120892903257594e-03
7.638191094788595280e-03
9.445274792190136437e-03
9.936087133914856331e-03
9.861775655099564580e-03
9.927949379470536739e-03
1.003624393488277387e-02
1.000376124929393436e-02
-4.562973096356499718e-03
9.964182374338596826e-03
-3.489162225337243302e-03
9.964101259188746368e-03
9.811424309529288498e-03
9.911008238259105818e-03
9.980659571879988909e-03
9.898254772266268722e-03
9.859234792308900486e-03
-5.355625483214931752e-03
-4.005238859420982671e-03
-4.705633546254451259e-03
8.585633366490095716e-03
9.944048479310192701e-03
9.722438015671349548e-03
8.701527460636992659e-03
9.976406216000084301e-03
8.995036625888809187e-03
3.290309220022941215e-03
7.375596280591179520e-03
7.410330321956662414e-03
3.343165595261844529e-03
2.554186603514006521e-03
2.358491659293104805e-03
3.059914067336520424e-03
3.410062980541964193e-03
3.198510090081940933e-03
7.172198260114885432e-04
1.881651217004780057e-03
9.917620584162943533e-04
nan
1.894298728983918358e-03
1.616489428082600391e-02
6.504763092057055766e-03
3.902020992552745256e-03
2.071548824623363830e-03
-9.271892262580084523e-04
2.667548627043552986e-03
2.886646655133444654e-04
-2.041671738424082842e-03
9.372736153708418824e-03
1.826274538317457924e-02
2.742992479125501513e-03
1.036920224729679860e-02
1.796848035113342637e-02
nan
-2.804708476360335406e-02
4.196536321093675970e-02
-7.373242948089913339e-03
-9.751925494823811963e-04
7.935004361343056881e-03
-5.626342697480883268e-03
-5.896727365027294027e-03
1.518621866054357603e-02
-2.057402723399359354e-02
-2.771893281089195943e-02
-1.030425254474986486e-02
8.549762106001633499e-02
-7.682359361662321334e-03
-1.548548480146791535e-02
-3.036746255831196395e-02
8.592281374613063016e-02
-9.563949666944701264e-03
2.522761202209491266e-02
nan
-3.296069793699966943e-02
-3.315050358851106974e-04
-8.160901251183245997e-02
4.442078731489841614e-02
-1.559230757109526452e-02
1.363299763521099231e-02
-2.147473915005205028e-02
-1.697228560349257204e-02
1.125074438010159744e-01
-7.873895300836039612e-02
3.157462145692981753e-02
3.561262935072605218e-02
1.662925697153474699e-02
2.508856194165258111e-02
5.913173802920845129e-02
2.923370103313084611e-02
-1.043761448549844657e-02
5.316841904584107548e-02
-4.003564297603122435e-02
2.801922011574656691e-03
1.088044898244422964e-01
-6.078243564363845775e-02
5.945188685103700715e-02
-1.538988122635910442e-02
-1.214276979720509304e-02
2.276489822739483429e-02
1.192350082412027834e-01
5.056395340544297609e-03
3.598108536770683319e-02
-1.676636708596627307e-02
-6.966222629519315535e-02
3.201177774854752078e-02
1.572275126384062652e-02
-3.250824778883394661e-02
-5.994678556160866478e-02
-1.967233039366337102e-02
-6.233039198488951084e-03
-5.950612364279368044e-03
-9.498320419151199193e-03
-8.478064059668669744e-03
2.758062509273858688e-03
4.658116788198208430e-03
1.039261690264505281e-02
-1.458961102164934003e-03
3.780324140267760091e-02
2.147814817267783283e-02
-8.252080915908623429e-03
8.265798777521789556e-03
-8.250589383542157249e-03
-6.492567770628740811e-03
3.149680271739635756e-03
4.672405890615365445e-03
2.910881750301517242e-03
-5.435239712226914294e-03
-1.384187722735908017e-02
5.775634336629759807e-02
-1.801276287204588980e-03
1.796127836332417349e-02
1.722254863955190868e-02
3.449968935641810341e-02
-2.053810539148625148e-03
-2.483871059763168368e-02
-3.519612051915044226e-02
1.520307717899811902e-02
6.155210371660302729e-03
2.604571839287092919e-02
1.055176410139731756e-02
-6.074137835010759608e-03
7.590425220543629836e-03
1.026826082407857228e-02
-9.749732497363189365e-03
-1.145830028892221757e-03
-1.030818265445076869e-02
-2.434042426336224113e-02
-2.271565463605067572e-02
-1.255596883847787809e-03
-2.665156099818784870e-03
-3.581301495461285123e-03
-3.203999109412635632e-02
7.519552127825521182e-02
1.886273334358697139e-03
-4.744580208119097975e-02
-1.537521552360719343e-02
1.230145170192053182e-02
-1.597670169174385951e-02
2.803149422148391769e-03
-1.999006520792034891e-02
2.045020243841288651e-02
-9.527007030547530314e-03
2.325359184978345508e-03
-1.336166971711269524e-02
-1.338843582179835914e-02
-3.348403212957041380e-02
-8.808493018582007339e-02
7.332779649948750755e-02
-7.049952389719484069e-02
3.192453522113127690e-02
2.313925948656947451e-02
6.169411260983688298e-03
4.334829395803378727e-02
-2.382665192124169828e-03
-5.361899254002246151e-02
-8.340495951289245147e-02
-6.721283749735833257e-02
-1.124632492973565018e-01
nan
2.490901700522661633e-02
7.149923591060264316e-02
-1.703870308429011882e-02
-1.347790739914556286e-02
-2.342318197086338052e-03
-1.888878875378555752e-03
-1.386608268695652818e-02
6.422257737293254887e-02
1.500798974073062246e-03
-6.998058915116502250e-03
-1.064052477976383006e-02
-1.812022423800772539e-02
-3.762371398670305567e-02
-4.815722600550860488e-03
3.606314816796009348e-02
-8.268561088894298833e-03
-9.326282372324926073e-03
6.978020800033670097e-03
-2.480577943164109442e-02
1.263379291868190098e-02
-4.196506897475551362e-03
-9.810185294591707711e-03
1.430385951246260744e-02
-1.875593142324257293e-02
nan
-4.854843076530913903e-02
-1.594365039713588686e-02
5.153558882330089123e-03
2.699277328468215886e-01
-6.268471952895812715e-02
1.158133269892797773e-02
-2.905938059881152738e-02
-6.344609502145689972e-02
-1.132483483079982367e-02
-5.760491633073437819e-03
2.731984742098127542e-03
1.109538913889416938e-02
-9.845940793093495465e-04
9.504406099305418021e-03
4.916535843669527991e-03
2.435736307285035068e-02
2.329047119788130692e-03
5.410810200392652397e-03
1.130881738180681065e-02
1.193958571055961642e-04
-6.639039444941347012e-03
6.903157152254282142e-03
3.846023125636757571e-03
9.829076754572342936e-03
-9.171329538405279327e-03
-1.978058605087084851e-02
-3.880155350175221174e-02
-2.338955733495888794e-03
-5.763243319184602935e-04
-1.420032009453521364e-02
-7.490445027229740253e-03
-7.016285866248533334e-04
5.411552003597604014e-03
1.546538910666221114e-03
-6.024365930115963691e-03
-2.409584118473747164e-02
2.967943375662033395e-02
-3.622198131921486406e-03
-3.731450781636876796e-02
-2.413794275425669607e-03
-1.247637564891545875e-03
-4.664686901411062465e-03
1.449993985245864522e-02
1.705930496501529767e-02
-1.599289545676837098e-03
1.579737240324370867e-04
-1.488754554313300241e-02
3.931794741068765989e-03
6.121064503663700869e-03
1.156120981725613887e-02
-1.818894465200596514e-02
-4.003259939986626714e-02
-6.630428563380341353e-03
1.494374399053836119e-03
-3.958134118129009310e-02
-2.205511805678057186e-02
8.098031760676468321e-03
1.693631560349719359e-02
-4.182349214597559477e-03
6.216731756947597998e-03
-8.971960364191157227e-04
-3.471318953121810269e-02
1.112956884451946418e-02
-2.214180690531393839e-02
1.523694672546489423e-02
1.001806153465676502e-02
-6.697111372602695609e-03
-1.865895196683743304e-02
-1.022352246753079758e-02
2.911958417666700352e-03
-1.593134016493368693e-02
1.090702414148258387e-02
2.305994141531297545e-02
-1.153250756517311404e-02
3.384148197765086269e-02
1.955205018058051025e-02
-2.892884140469681540e-03
1.836231602398208373e-02
1.420385947256144581e-02
1.337921391143086398e-02
-7.586811936720413985e-02
1.242578151183595242e-02
3.540334669361470954e-02
-5.597083579922151886e-02
-7.502318337837048101e-02
3.194490422488227566e-02
2.632249663414442439e-03
1.171921986526308287e-02
-1.869277793494863050e-03
3.563117702508881990e-03
-2.009080551539468504e-03
2.480583788697121247e-03
-6.042373210436439296e-03
2.532602923516386745e-02
-7.917336336598879490e-03
-3.553948455587228883e-02
-8.651755071862892062e-04
9.825566359830249785e-03
-3.860263130449684103e-03
-3.330629413943984873e-03
1.043085161823053891e-03
nan
-6.226359068387183476e-02
2.749937842695067067e-02
-9.246284508737094565e-02
-5.527108833163357944e-03
-7.011051143764724216e-04
-6.270875622403060921e-03
-1.575046399767830252e-03
-1.017262110815874560e-02
-4.123521566309985148e-02
-6.131205304082970207e-04
5.360030118789933622e-03
-2.077039689779110535e-02
8.727966021242651931e-03
2.302667422961949054e-02
4.194755456606774624e-02
1.724114933912569009e-02
1.275010484578891282e-02
8.408961166438102403e-03
-1.066781795745066173e-02
4.110397453947308571e-03
6.284646521849835549e-03
nan
-1.098829396733531569e-02
2.155095798068373467e-02
-3.535694938210518640e-03
-7.834093782424557742e-03
-1.087515944128446266e-02
9.185331022886166624e-03
-7.816343074220299947e-03
-1.879919496197759304e-02
1.180219852462496659e-02
1.145441385551695251e-03
6.644993260546458620e-03
9.880375170031048537e-03
nan
-5.566599388067218317e-03
1.093305772974199029e-02
3.515716829888263471e-03
-3.158783223434121542e-03
2.236017200213027013e-03
9.995306729361292525e-03
-4.719121577934956568e-03
-9.343223138176984938e-03
-4.359905908469781030e-03
-2.258427841254078902e-03
1.113332524471836137e-02
-1.951804276216535794e-02
-6.407557384353036734e-03
-5.738625571653000780e-03
8.183316860492466718e-03
-1.534918982349822887e-02
-1.560450968943650259e-03
6.772937328797344961e-03
-1.177506546385120997e-03
-9.692596463895562092e-03
-1.518453136486718445e-02
1.599003339134011381e-02
-1.415797464332872388e-02
1.148689167675046550e-02
3.167532780189893839e-03
-7.390213406272148379e-03
1.309407376100470838e-02
2.559339288236219499e-03
-1.020764536058952655e-02
1.138009236459326320e-02
2.093760635275888557e-02
-1.307498466205177928e-02
9.025111531157236841e-03
1.912503074579867055e-02
-1.483227444408295216e-02
-2.536321748700559944e-02
nan
1.222126208250243207e-02
1.139625118782161030e-02
6.822861719222490968e-03
-7.507335615597096265e-03
1.403835468815615647e-02
-2.499624723224634030e-03
-7.727937690990386264e-03
-8.767203829365454240e-03
-3.614537388753245439e-03
-1.601864350210553331e-02
-1.960840443675576639e-02
-3.016026677525973469e-03
-1.362984554113775724e-03
4.527124846262367032e-03
4.362574406019841043e-04
6.169189905644103383e-03
-4.824557723422422811e-03
-1.204142524963658367e-02
nan
1.931177448431133222e-04
1.506077767095607631e-02
-6.148641210100076054e-03
-1.047351492395944862e-02
8.983287995130930306e-03
6.946458064203557591e-04
-9.269100044606798025e-03
-6.052024695193073713e-03
2.293742129243916614e-02
1.005907403752486461e-02
-1.017251088661610958e-02
3.422708121283384725e-02
3.729909880508761044e-02
-1.534071093862838728e-02
1.160299362381486850e-02
2.758471860455437644e-02
2.920520025768880146e-02
-7.919982887542842409e-02
5.933332286352750035e-03
-6.551629556347748906e-03
-3.739099299853196334e-02
-8.386942292570886449e-04
2.669966599222794394e-03
-4.912257036212327142e-03
3.467408602462989514e-02
7.639747721628607248e-03
7.725999116022415521e-03
6.379306233261280989e-02
-1.045375830330772318e-02
-7.980770397559157348e-03
-9.032731642408170503e-03
8.646791080854635729e-04
-1.854244040707819438e-02
-1.461413868981989786e-02
-7.383781683320199754e-03
-4.317129691934591500e-03
1.335190256008667378e-02
-7.131900139373900487e-03
-7.824655862627132724e-03
-5.716565620537903888e-03
-1.122009439398572589e-02
-1.309354205073493503e-02
7.089421087413535008e-03
3.776865022895114360e-02
-9.487009321788747798e-03
1.798034191824323877e-02
1.716976303868186435e-02
-3.147458856874463945e-02
2.439023692017786363e-02
8.954081188566546945e-03
3.650847412616456227e-03
-4.497203228729097085e-02
1.545441287243448300e-02
1.232142675549067340e-02
2.119542860787264685e-02
1.331199945611794867e-02
9.990340943945585223e-03
-1.425946561171437255e-02
-1.647616596474096515e-02
1.902446486203326903e-02
1.349574588793128922e-02
4.704538010781685736e-03
-5.090372023970889635e-03
5.159286977677595039e-03
4.024006124799594597e-04
-5.261622819792804474e-03
-3.481354154233937126e-03
2.948459787038506478e-03
-3.441619482958990003e-03
1.540499355368615906e-05
2.762736993006316942e-03
2.308146432558362028e-03
3.889296846973019483e-03
6.414041577242997859e-03
-2.682094571773196295e-02
1.277228918301657849e-02
-4.753008929557125256e-03
-7.824888244984675237e-03
-1.303965628278940490e-02
-3.835188182948337694e-03
-4.913643329126912880e-03
-4.857387139484654198e-03
3.481909797117308837e-03
9.677263629757525826e-03
6.739792892829758568e-03
2.899304657950302865e-03
1.506969170485558760e-03
-2.809184364812195044e-04
-2.454715503809469512e-03
2.708676406374879633e-03
-2.208200028214752156e-03
-3.062268149032451679e-03
-3.050354376017778459e-03
4.181781381692616616e-03
-2.547453319977779559e-02
-8.553695559247811303e-03
-1.082643075145893084e-03
3.027802678092113720e-03
4.871158159400212212e-03
1.972178822188838491e-03
1.017938351302134260e-02
-2.478775340538654035e-03
1.041139045246511179e-02
1.594395343144117691e-03
1.408374862008659383e-04
-6.687151301697086270e-03
6.725454439182204994e-03
-2.211121499326283366e-03
3.193891050861230726e-04
1.381100209633020267e-03
-3.889168441071633783e-03
-1.801021093788795005e-02
1.195804582053053289e-02
-4.755151486217798658e-03
-9.304947624722175945e-03
-1.499228171530601374e-03
1.733380996223787785e-03
-8.676160186253398590e-03
-1.516528635465144888e-02
1.540494142585159369e-02
-1.433382251722873681e-02
-2.395942042274636996e-04
-4.287851410883292309e-03
-3.597485910542264076e-03
-6.876103087030527479e-03
-2.348732814039256652e-03
-1.631592330355032894e-03
-2.904679421140940465e-02
-1.687060231254005824e-02
-2.448805683963552887e-02
1.094177285668425717e-02
7.388341007962013519e-03
2.619776538593654360e-03
5.932543031100493032e-03
-1.559717167598227141e-03
3.406355353801479233e-03
-1.596126956832149418e-02
-2.491537635265558825e-02
-3.507521150446197156e-03
nan
9.617046087612289573e-03
-4.146654036614762229e-02
7.885283995820351402e-03
6.584865419310356738e-02
1.972077734578062819e-02
-8.891936537940681173e-03
2.752538562623757512e-02
2.537338314412964854e-02
1.488926718715498582e-03
-2.153164736167229552e-03
2.916645649128746590e-02
-1.690837435713772596e-02
-9.936119040352204418e-03
3.017074030856229695e-03
nan
-1.083880980942921249e-03
-3.104140610432461200e-02
4.541954812357453831e-03
-8.424290797686514358e-04
3.973554955944368777e-02
-8.648676212376778596e-03
5.610800285657620810e-03
6.189537737319538054e-03
-1.032745599483971335e-02
-2.873987933107903601e-03
1.875167503315204468e-03
-4.369133745170428705e-03
8.557763302786696889e-04
-4.965953856292124394e-03
-7.531683642183453070e-03
7.478172518691425692e-03
-5.652976339602332027e-03
-1.341005079831850307e-02
2.590517742972590649e-03
1.541441711248986261e-02
-6.396533990330383924e-03
-3.235075998749204016e-03
-1.592632872784852452e-02
-8.066846856884052341e-03
-1.465596047573717101e-03
1.078924450564902431e-03
-2.010667280482698535e-02
-2.500705498131155710e-02
2.773365097472406740e-02
-6.791701020022073224e-03
3.412830548576129344e-03
1.329409012362999009e-03
-2.663552653222431288e-02
-2.764931475510916045e-02
1.828355530465134576e-02
1.744920760117415690e-02
-6.811089740343846330e-03
nan
-4.200988662979536839e-03
-8.721020296214786974e-04
3.495349535847336146e-04
-1.249285860266917576e-02
-7.047790186919413932e-03
-3.693989547277403036e-03
2.915062116100956488e-02
-6.324350162430277845e-03
4.850642206200836415e-03
4.574142622815780511e-03
-2.519875248666194820e-02
nan
2.102663742255700755e-02
8.202420584913482429e-03
1.047777078042683857e-02
-1.141222981402449654e-02
-2.387510381390036546e-03
-9.780100207993931011e-03
8.814116076644930298e-03
3.164991500645927304e-03
1.885441559918605084e-02
6.430446073128703866e-03
-5.806534476439010120e-03
-1.968615103261257132e-03
7.519449699244261983e-04
-6.796009078861194042e-03
-3.982303086463789225e-04
-6.806652691192877080e-03
-2.935817862223891747e-04
5.500262331880329111e-04
4.769257586066091219e-04
-1.294937460287184580e-02
nan
-1.832272803890284659e-03
-1.280158703312541356e-02
-8.156867074594972497e-03
-1.245637142722912788e-02
-2.065794312286072659e-02
1.377114041855583915e-03
2.772242985513566002e-02
-1.628447431154270847e-02
5.371609297517239423e-03
4.089207373327771451e-04
2.271154441917346955e-03
-8.115193898228120718e-04
nan
1.433845909712875774e-02
-3.730835843647004740e-03
1.759704425241816195e-02
4.894955501122916046e-03
-8.335598605451480236e-03
-4.717378093778482718e-05
4.552621376530412503e-03
4.240574213648711129e-03
8.054134743726773862e-03
-1.608071717706544695e-02
-2.057799146473791776e-03
9.442976416528489278e-03
-2.410835421830538443e-03
-1.071026684725784155e-02
3.751784955484346786e-03
-1.717046008320773087e-02
-3.872135803284516668e-03
-5.938200105527043950e-03
2.125070314487560730e-02
-1.513566180162627395e-02
1.859410204528951969e-04
-2.048400964983574171e-02
-9.046655316773391173e-03
2.951101937852257731e-02
9.624134874795119057e-04
1.259281589633467514e-02
-2.843781579533299214e-02
1.324773741579066480e-02
-1.107278640977107237e-02
-1.218106273040196058e-02
-1.316669544249278803e-02
-4.010167642824538636e-03
4.880380217478202248e-03
-1.929857397964486465e-02
1.171876805761625298e-02
3.094328631301775795e-02
-1.655089829166450296e-02
-3.955643904278286632e-02
-1.517486237211633331e-02
-7.911982222629795154e-04
-1.670021047212480805e-02
-5.416351690125900675e-03
8.583126049900599228e-03
-5.828977098632363071e-04
-1.389787610216606378e-03
9.284005739511165534e-03
-6.132033608419075812e-03
-1.918840908992993158e-02
-4.740932466934300363e-04
-1.004035540948338551e-02
-4.846339695934236092e-04
-1.132229942810694147e-02
-1.302123996750314400e-02
-8.171419045451072671e-03
-2.149499812752515056e-03
3.619116303232706544e-04
5.336622279837712965e-03
-2.347992480287680941e-02
-9.694905679857701575e-03
5.430247122608664566e-03
7.360015550577924531e-03
8.702887099392963774e-03
-1.117498391835743295e-02
-9.875548542615174633e-03
1.756913012175401537e-02
-1.820121835854828646e-02
4.622831430561865989e-04
-1.245438443779148599e-02
-2.250332156532280914e-02
1.377193126288381135e-02
1.220482010319373645e-02
-7.588383823507212703e-03
-2.200891241382614549e-02
4.876123364070441765e-03
2.908833946165324466e-03
-4.114250843172454993e-04
-3.088508223853555276e-03
-4.623840064525232968e-03
1.579348610920747187e-02
-3.828020318413125761e-02
4.563157705207545982e-03
1.885706318939098930e-02
8.540138656850629513e-05
1.643019508431822371e-05
-2.387559811422803463e-02
2.073385604886554198e-02
-7.989811175323735873e-03
1.181208096444727202e-03
5.658461441315231800e-04
-8.653434693991740589e-03
-1.807690085086804607e-02
-5.293903007902026666e-04
6.874824293975024744e-03
-4.676962134526075070e-04
-1.175647492159594045e-03
-1.629210895814348125e-03
3.953231917928809978e-03
1.102595901145641752e-02
1.371292247348827008e-02
1.284066873586356058e-02
1.466951276904584697e-02
nan
-1.609796635560551553e-02
-2.220731863732768735e-02
3.591818007510242956e-03
-1.614075651459632998e-02
-4.181849776045860022e-03
-4.880341501068939116e-04
4.425277972324659186e-03
-8.344518352520006663e-03
-3.171761350430312419e-04
-2.065246468004750674e-02
-7.763995182675111247e-03
-5.257198866836202029e-04
-5.390754213470906955e-03
-4.851313800055474454e-03
3.148617603781462908e-04
2.579909408504021950e-02
1.222872582277330800e-03
1.730985289521872394e-03
-1.283583891877633412e-03
1.953123847677399119e-02
1.324576269585001249e-02
-4.961714395400682043e-02
6.037078199072594756e-03
-6.833225966708928248e-03
1.161799291108548895e-04
1.727024794244754261e-02
-8.123676942140341251e-03
6.565491423870574612e-03
2.077956999570522868e-03
-6.558667453514783682e-03
1.793387023348312127e-04
4.864472011092052517e-03
6.888527014853816285e-03
-6.682787038055268934e-03
2.831731342498363963e-03
2.211600075631978309e-03
-2.373331548356454219e-03
1.576574938938121034e-02
9.632413299794976430e-03
1.023860972929486156e-02
2.176530165010917908e-02
6.769673903690034511e-05
1.147229000716407446e-02
-1.283566488563834228e-02
1.222864618410997653e-02
1.493018245972746981e-02
-1.982520701808267866e-02
-7.918200045902429665e-03
-4.038752792575194678e-02
-3.241341599195364997e-04
7.905199799660558163e-03
2.981349820962318764e-02
-2.954745236792781851e-02
1.078915504833704436e-02
1.548810482018277146e-02
4.518164754435454941e-03
7.697640494412049880e-03
8.349565244023618785e-03
1.019186469198490354e-02
-4.628229112705768700e-02
1.039039126118443575e-02
9.082779010906944644e-03
1.549630129911497289e-02
-5.423779897296818545e-03
1.385978032722212996e-02
2.986636703177666247e-02
-1.477916387097300173e-02
1.176883314521518994e-02
-4.114155888551174201e-02
-5.391294797166305830e-02
1.291969846748556444e-02
-4.365427770908760288e-03
5.188223886780412610e-03
2.461387334455385212e-02
1.931259310502581039e-02
-2.167836059085514328e-02
1.047073511660513365e-02
1.137605555213317202e-02
1.549752364281342318e-02
1.933104104125793823e-02
1.376878230254347489e-02
1.319027456786391571e-02
2.426643892023286689e-02
-3.558068353416809354e-02
-4.923442706790542162e-02
-6.821128389151971151e-03
-4.972938655655616963e-02
-8.800793789672061579e-03
-4.512538329553020949e-02
4.078153897347127493e-02
-1.504506210575265197e-03
-2.735512964222377649e-02
2.038082550390886080e-02
1.433078601407009912e-02
8.882989304027207045e-03
3.807080905416860856e-03
-2.662040207545367937e-02
3.118003040055104032e-03
-7.829844022262997735e-03
nan
1.362284652240709423e-02
-8.763660771391451956e-03
-7.999987069190757361e-03
1.579298890782754664e-02
-2.458883100763244178e-02
1.122161214159133648e-02
-5.568673061315173450e-02
2.895703524773268062e-02
1.679939009318080420e-02
-2.114122525460781013e-02
8.887410657713931683e-02
nan
2.147460917505837966e-02
-5.513015357628934729e-03
-1.665971181199867382e-02
-1.678905715925448072e-02
-5.435657917230582274e-03
-2.230468348625914629e-02
-6.759738786989810677e-02
-1.089744933966428631e-03
1.934758499537329521e-02
-1.556140136160594212e-02
-7.824335525465655333e-03
2.520704895302953302e-02
-2.172103174948368173e-02
3.014168938751268789e-03
-3.774030620056525488e-03
-3.696325414404018350e-02
3.408147296851749171e-03
3.245439340857206637e-04
-3.394293327236121843e-02
-1.736566890968413782e-02
3.575233384146023902e-02
-8.467445409095022274e-03
-4.340476758727690454e-02
-1.074470289813233073e-02
2.514616112192588973e-02
-2.466077752203600648e-02
3.618457131271694133e-02
-1.685220003868836969e-02
1.047092115598537154e-02
1.819598779688690743e-02
-2.307975514533532058e-02
1.947456583482343184e-02
-6.125061833621707474e-03
nan
-2.410883396166961165e-02
-4.501348831899863734e-03
9.992646997085425503e-03
-4.627463844047473469e-03
-5.646167695860018591e-03
7.781445880922239350e-03
-3.943507745499111317e-02
1.039522773188002354e-02
-2.407730235606138618e-03
1.872608447572808588e-02
3.015276597016840546e-02
7.147929967703903903e-03
1.374644287084550442e-02
-7.581570284601763529e-04
1.059021884451981322e-03
3.791938686819150504e-03
1.898663895212479103e-03
-9.004797770490152731e-03
-1.550457547945013025e-02
nan
-4.091365832899943912e-03
-6.743331547117210022e-03
1.545927646126491438e-02
9.395717892775158966e-04
1.717264718983382496e-02
1.362442129418002523e-02
-1.509347078974432104e-03
9.622563250453753866e-03
1.673629439431676899e-02
-2.127502429739155931e-02
8.904507206456278162e-03
4.423902988507195932e-02
-7.169471307499211167e-03
4.678912648229663351e-02
-7.281750110329429648e-03
1.998426234611293609e-02
3.803542862669168773e-03
nan
3.111095694238102255e-03
-6.264965564167698613e-03
-2.365444884250566052e-02
8.439811443869365062e-03
-7.079242599336795817e-04
5.247114703818476361e-03
-3.689702711770105614e-02
-1.568320498734774183e-03
4.526148840481573031e-03
-2.366649366231426618e-02
2.557730842828346077e-02
4.446362141718573219e-03
-1.906032132919411107e-02
1.342869379235589120e-02
2.222570694282340054e-03
2.520086607306771653e-03
-2.842741285663562007e-03
1.005027062650360077e-03
1.263942373878159178e-02
-2.406241990610187564e-02
7.721047318193720484e-04
-1.440154775196420640e-03
-1.238728778810872788e-02
1.224689530907891594e-02
-9.418714895669720588e-03
-3.844483884329451132e-04
-1.120360905565666830e-02
-1.105932940098833424e-02
-4.197581913342737781e-02
2.042215717095563488e-02
-1.239073683508146867e-02
1.140741198351160474e-02
-7.325056430294674820e-03
-8.273711567859028462e-03
-3.780373521860756932e-03
-1.217533012987007546e-03
-1.030066343833683541e-02
-2.467606948829243266e-03
-1.885179954225333493e-02
1.059761183566787328e-02
5.472790919118683886e-03
-6.755704561591098674e-03
-1.235677424145069196e-02
8.097491521151444979e-03
2.654201191615910334e-03
1.246317749188911687e-02
-1.455242331500478450e-02
-1.904464970439906368e-02
nan
1.708250054788411701e-02
6.366511505764819827e-03
-6.820253430879930773e-03
-1.492246789089594688e-03
1.829134606129943427e-02
1.034257435084732536e-02
9.324597492347711652e-03
1.331165499594245440e-02
7.114129458999734340e-03
-1.328653990799055079e-02
-4.570412007610736953e-03
-7.911963577355341642e-03
2.920652065929905776e-03
-5.084430470877052653e-03
2.268713871519492317e-03
-2.960065806312534020e-02
1.478087226734612313e-02
nan
1.577150075966934906e-02
1.048734812042453413e-03
5.562927007394880344e-03
-3.723710143050713937e-03
-1.510643150423768809e-02
-1.149820958804682186e-02
-6.008295427899735478e-04
-9.402025315012942433e-03
2.179633693465986722e-03
-2.548157609026140830e-03
6.507135920391456455e-03
-1.320081683688945247e-02
2.226048816374798928e-03
-1.373639386473852683e-02
-4.604406509136103193e-03
-1.903521906692179919e-03
-1.409189783792077003e-02
-1.721573835811042799e-02
-1.532625590442411069e-02
1.458667154777688012e-02
1.223679380593105555e-02
-5.785113264585122622e-03
5.340081759829020010e-03
-1.018371963269707435e-02
-5.417638924513952167e-03
2.071413381423973816e-03
1.260355461088967684e-02
-1.619534023393561992e-02
2.877038496278608998e-02
-4.410375144190172188e-03
-6.838266794573720150e-03
-2.325600246520140822e-03
-2.821241104263467678e-02
-1.123271234462854852e-02
7.734474497287706536e-03
-1.960020085808101761e-02
3.345198585588992843e-03
1.588923996128214968e-03
-1.813753710694106583e-02
-1.587422658476343772e-03
1.038680614408596641e-03
2.264626339206432179e-02
-1.248244148735024213e-03
-2.160458864289502984e-02
-2.216362277895785309e-03
1.633678067465144752e-03
-9.698439228801473966e-03
-4.552789585075508235e-04
1.301553357386712323e-02
1.941974771542984493e-02
8.767076720352476619e-04
-4.167200194534261340e-03
2.479463226596753406e-03
-9.772171596199904619e-04
1.058436861471905889e-02
-7.326784233132876967e-03
-1.019359288699502953e-03
-1.442418850437593610e-02
1.728531508387589830e-02
1.800087190925935693e-02
-9.303534122811573217e-04
-8.795576176357838751e-04
6.739754721439031272e-04
6.819101300865518635e-04
1.383872256415213421e-02
-5.287630494634653310e-03
-5.227784099037168300e-03
-7.137168727792412432e-03
-9.958325972505722296e-03
-1.405456981093811293e-02
-9.559132764915052871e-03
-1.172465283476677167e-02
4.635776269661559881e-03
7.231183064404257503e-03
-4.761450097688435870e-03
-5.751759492972946704e-03
6.049255694904414303e-03
-3.189685300673081748e-03
2.540288322288358682e-03
-3.166237221458332923e-04
6.962568953244051978e-03
-7.635277017614021562e-03
-2.101102834524217963e-02
2.568842853824740077e-02
-8.086602543538028848e-03
1.230514338668639573e-02
-6.833345301867205929e-03
1.703629819318740191e-02
-1.638487316094762100e-02
-1.230108011545234109e-02
-7.270548323748856658e-03
-5.097786992203270917e-03
-1.314900621447662784e-03
-1.025538149118271521e-02
2.823634303207273738e-03
-5.981899538185364920e-03
nan
3.649051493293859263e-03
-1.070441928643618007e-02
-7.921730342666572292e-03
1.236184580031354958e-03
-6.572031483982016670e-03
-3.016322451968370816e-02
2.238823717558263010e-02
-9.798274762006087615e-03
2.782824514981709334e-03
2.959316329588285513e-03
-2.863275569095605211e-02
nan
-2.957030766073166957e-03
1.733389209072416608e-03
-8.606940317559435769e-03
-1.741254818650933523e-03
-5.951432428285687720e-03
1.206688541748732885e-02
-1.168016389305802198e-02
-2.700697885149028026e-03
-1.277249278798771835e-02
-2.869633482998963994e-02
-2.811934598124063434e-02
-7.597062834567967380e-04
5.914476068161068911e-03
3.179054304537895503e-02
-1.058235904097167349e-02
-5.995820653824136121e-03
1.753421743967505456e-02
-9.204059722912700733e-04
-8.731249052603558616e-03
-2.819750738207330541e-03
-1.940680771279405109e-03
-2.441385404053515382e-03
6.376452515996121166e-03
nan
-1.961607330822301085e-02
-9.466993033229209251e-03
-2.068643904963026608e-03
-8.641943047326825639e-03
-8.762800206739090533e-03
-4.781917410796148078e-03
5.999855169783678555e-03
-3.839198810453265743e-04
8.280667218218833864e-03
-2.088990662594561020e-03
-6.217435249649136755e-04
-9.585027068239420495e-03
-1.591390156672242012e-02
-3.119733015113862820e-03
-8.211321193697428480e-03
1.744480983032671725e-04
-4.674735407507198300e-03
-8.244480873013557490e-03
-5.490994122355230024e-03
-1.762067250020738895e-03
2.983902847147340640e-03
3.158054514191220401e-03
1.066480134198523506e-02
-1.407420547901313754e-02
-8.311934845465239474e-03
-7.451730807701169995e-03
1.371067419708060439e-02
-2.967171356247995297e-03
-5.018419203475253665e-03
nan
2.579151552298807829e-03
-1.126289992923540546e-02
-1.812054958298174763e-03
-4.709574481742224462e-03
7.892385531148361430e-03
-1.575489512842980768e-03
-1.558355680660896900e-02
6.483496987558689389e-03
1.848812709666243764e-03
-1.324518257476689552e-04
-5.668400793582793751e-03
1.270373296383790589e-02
9.272210639113988642e-03
-1.352805812870351912e-02
-7.410162227048957412e-03
-4.363112309192496846e-03
-6.195762522464956339e-03
7.936085019659304407e-03
-2.862214868776942825e-03
3.475484058698755097e-03
6.517828923606675115e-04
nan
2.756402665961098578e-03
-7.260237604641174916e-03
-1.042789799506342770e-02
7.575854235937205458e-03
2.728521410978928651e-03
-3.562194108230114838e-03
6.827573054942183374e-04
9.987415942705359442e-03
4.224308339464362405e-02
-4.863156643876983404e-03
-1.143736842305974550e-03
3.308916435848625187e-02
nan
-2.414788100002335236e-02
3.477096048208800499e-02
5.919661261927094270e-03
-1.322574566207260216e-02
-1.191490672475766129e-02
4.963428984519261886e-03
nan
2.130120333437264188e-02
-9.515070924640604139e-03
1.759715226329110899e-02
1.388351370253493137e-03
5.820122105084452914e-03
4.057062079981826018e-03
-9.375164944204490702e-03
2.673433458491927123e-02
3.634179959357832727e-03
-7.841242651070274086e-03
-2.806688594255322272e-02
5.828145721477457058e-04
1.852474676319475558e-02
-6.725995539084371477e-02
7.532489445053220690e-03
3.042154148913186074e-03
-3.743639171794809622e-02
-3.523303259990896719e-02
-3.538524795558188607e-02
5.603555001154681553e-02
4.580759651190781205e-03
2.402039028501139206e-02
-2.225648491218849140e-02
-8.981435318073304960e-03
1.740563750819091801e-02
-3.481473561759455826e-02
5.201842980253111592e-02
nan
-1.403411523304458342e-02
-2.122508716719979580e-02
8.563982628752225129e-03
nan
2.923835865324748637e-02
2.291800618927456248e-02
1.437011370409850032e-02
3.584175456041044979e-03
1.809698395798900808e-02
-4.763606522256048394e-03
1.352572206480403237e-02
-3.398927028751538848e-03
1.345732845890417091e-02
-4.891511317730584327e-03
1.798535723632802355e-02
-6.512752282614337439e-03
-9.475246711357772703e-03
-7.305351994598001386e-02
1.949015959891706520e-02
-3.285571913029940866e-02
-2.964181362041267212e-02
1.513570914388498098e-02
-1.551491101136274380e-03
-6.621321753425490897e-02
3.529982520013631633e-03
-2.040925878437972046e-02
1.191367854813851247e-02
-1.640987008133697536e-02
1.089272242725899563e-03
-1.392064614519281443e-02
5.114143858375892748e-03
-6.646782972086139399e-03
-2.740108332903658413e-03
2.193814632311800669e-03
-4.143913074496741828e-04
-2.165851435118637026e-04
2.609868229413733233e-03
4.015120306729096609e-03
nan
-4.997730291502799904e-03
-4.687986943053299403e-03
-6.778819197283718822e-04
-1.477261274305843831e-04
-2.181985858454634636e-03
3.662363536403522805e-03
7.765368861426956600e-04
1.330439799119638618e-03
-5.350377841590732778e-03
-1.751332957526393870e-03
-5.703753415071912379e-03
-7.216272854773798755e-03
1.301317739384545962e-03
nan
5.418303938661269553e-03
3.549785219265380772e-03
9.306447197233048280e-04
-8.467904781849249949e-05
-1.272215678176697026e-03
8.409675736140478572e-03
1.362375647485979634e-02
1.058796345842049312e-03
1.848871782401481526e-04
7.135910611437552148e-03
-2.136105013567085077e-03
-7.303656996348463319e-03
6.781278483496323449e-04
-1.980823715813254636e-03
2.092564209777712011e-03
-5.583384859621403837e-03
-3.769722155397282372e-03
3.046990948914397868e-03
5.101487857905304124e-03
5.163358385678910520e-03
-3.022884092720244231e-03
-5.220175580369979147e-03
-7.408235896953158442e-03
8.348066498515370817e-03
1.025506185386174758e-03
-9.634191509256016112e-03
3.266311424452382570e-03
6.504635858599599335e-04
4.457346662923189376e-04
3.603925316056860815e-03
-2.547554757496087174e-03
2.850801189301742280e-03
-4.617754314476047589e-03
1.417906428738354395e-02
-4.680093966386738615e-03
3.182086086980909657e-03
5.787174409636375349e-04
-2.778893115779022382e-03
4.672381863055457586e-03
1.654252365327765371e-03
6.427778161123255674e-03
4.289333696824626854e-03
6.484384069612381335e-04
-3.698762070130391481e-03
-4.229138401869796463e-03
6.747224816947107635e-03
-4.937550895444940170e-03
-8.376315241105139172e-04
-5.892991520016861370e-03
-3.766198896881189657e-03
-2.434216978685762971e-03
-1.684270433171914001e-03
-6.447228678259550030e-04
-3.442437897625291818e-03
3.136061210317173283e-03
-3.718130050666125855e-03
3.604838258245043371e-03
-9.627487969464400795e-04
-2.316283746761601051e-02
-6.212925600323981716e-03
-6.673962206937855170e-03
-3.213963463685483475e-03
3.780888929680822821e-03
6.269459042752522672e-03
4.915552707402529899e-03
1.025415051970483046e-03
8.695198873532086412e-03
-3.139748628852948812e-03
-9.773291513386591842e-03
-1.436858428020584832e-02
nan
2.146125290077152345e-02
4.392029796944271411e-03
5.102758544308126122e-03
-8.200539316899436233e-05
-5.339452053839984294e-03
1.217337808165627408e-02
nan
-8.742213004975114485e-03
8.367980105337135405e-03
-1.386871002160962318e-02
6.367276674525805709e-03
4.819571474830763175e-03
-4.833364267171433130e-03
-4.527038694807702414e-03
1.760874237028289130e-02
-1.825476136668664155e-03
-1.849964595282236647e-03
-1.378635849502292052e-02
-9.385980424059090291e-03
-9.191422325438724020e-03
2.133043198953047878e-02
-5.292142877364893958e-03
-7.404725685980304700e-03
-2.020961691606852281e-02
1.816882748976943532e-02
-6.656032210669783795e-03
3.682950172693179140e-03
-1.146110968110818779e-02
-4.723532144938832542e-03
1.140572964444551765e-02
-5.884514138163077527e-04
-5.372260255779068294e-03
-5.364680879961714055e-02
-2.979416672135274530e-02
1.937356780797195178e-04
1.326161251437461309e-03
-2.164044019123929387e-03
1.355684960262899807e-02
-2.292419236702163046e-03
-1.326848892021533811e-02
-1.698382041103471338e-02
1.218321843266859106e-02
-5.228616740183849275e-03
-6.105756368344086513e-03
-3.765781730835854129e-04
-3.640717883886022011e-03
-4.204675103803967758e-03
4.133013774546050179e-03
3.487035300660701505e-03
-5.030172132138219492e-04
-3.416533584135456828e-03
-4.366719306923515058e-03
1.391250340979711822e-03
-1.205348321980142211e-02
3.493069945589564237e-03
-9.231622729172163713e-03
9.369347491055259047e-03
-1.615982747268078848e-02
-3.966247234175657166e-03
-2.459639933364073799e-02
nan
-1.490198430165291799e-02
5.779376665143200198e-03
-1.364498877864296980e-02
-3.055065429337541685e-03
-1.181909491964010239e-02
4.676879439045198089e-04
2.347834228108040475e-02
6.867141675679446639e-03
-3.326796481764716581e-03
8.430219606620009080e-04
-1.046355657090033454e-02
4.805834472465120126e-03
-8.128343114306898695e-03
9.301423153000231911e-03
2.447415331107246315e-03
1.077455271789759918e-03
-9.809366760359843149e-04
9.574993814292992803e-03
7.424910232057935211e-03
4.551534084923735887e-03
-8.954061169903408321e-03
7.783347417613077288e-03
-4.627902087260279767e-04
-2.370744500522455121e-04
-3.498347317752254805e-03
3.991734592019471461e-05
1.591990693217723400e-03
-2.550609701393815980e-03
-4.661344812269884591e-03
7.391635147330414927e-03
-2.985902018081056531e-03
7.093009338748630898e-06
8.506680132257356947e-03
1.143346163937243934e-02
9.084913108796405928e-03
-5.177231284643948189e-03
-2.790390001377114279e-02
1.703658743829181144e-02
-7.140677633258769863e-03
1.823438700507277674e-02
1.137298524603690911e-03
1.973038468178740096e-02
-1.528603323906575773e-02
-9.805734770267710704e-03
-6.014763786711861682e-03
1.672389554068675829e-02
3.734977456675371999e-03
3.111609778140853825e-03
-1.929087966046128845e-03
1.324775628424768037e-02
-2.301700973072547292e-03
-9.606668384693697535e-03
-5.498981416039869230e-03
3.314470066512899271e-03
-1.410497168812179869e-03
-7.794435623971518283e-03
1.171741341805644567e-03
nan
2.111997699145472945e-02
1.375953101238663358e-02
-4.602745974407278923e-02
-2.419036612192653184e-03
-2.349084989618241935e-03
2.631066951458381313e-03
4.399101955361290717e-04
-1.306274325619869933e-02
6.100154434430189732e-03
-5.838524839219446858e-03
-6.103616644216538697e-03
-4.116167034024222245e-03
-1.738782335350685937e-02
nan
-2.576069075756758347e-03
-3.773760395928833257e-03
1.066774315533431348e-03
1.294224184956347529e-02
-1.054860928825105066e-03
4.704414127484859987e-03
2.200218687175222419e-03
-2.102469833390071402e-03
3.889557837626303905e-04
1.119054899268267893e-02
-5.694594393461413495e-03
