4.683849312426437497e-03
5.196540705635926570e-04
-3.881181166998211307e-03
-3.887051881709437540e-03
-3.648647451082225046e-03
2.897226790237311493e-03
4.517059551238429387e-03
-3.503152690018371263e-03
-4.023539305433105479e-03
-4.184755022067698435e-03
-3.936854801498834364e-03
-4.102738174713398134e-03
3.967931138124610770e-03
-3.888962743434217113e-03
-3.627012537600901934e-03
-3.779748508188002839e-03
-7.083854888405043647e-03
-7.103388228420011614e-03
-6.045686460568857994e-03
9.140071939398199466e-03
9.175201544098777334e-03
9.867513244389560303e-03
9.977184497148152559e-03
9.968436976305309824e-03
9.937595897925885144e-03
-6.524710658772705195e-03
-4.742154707774367053e-03
9.939919663221191692e-03
9.514956813734060798e-03
6.128721941373325814e-03
9.873472424684672302e-03
9.788632588143667684e-03
9.937591308012194702e-03
9.747683796962430119e-03
9.663511518260003985e-03
-4.820307556291478397e-03
-5.339549045261844477e-03
-4.985379351214351724e-03
nan
7.978836941658174614e-03
9.916253818212841104e-03
9.731016309483499910e-03
8.376817412733630203e-03
8.403786439386412566e-03
9.587801155153612143e-03
6.710044643705586308e-03
8.415753691342385892e-03
9.943155923279425532e-03
9.720611170622076025e-03
2.982770435987950643e-03
1.993460712258501594e-03
3.558844395392314185e-03
3.654962573290786686e-03
8.804261864871931742e-03
1.560316280543080480e-03
7.378298514208854681e-04
nan
2.753209859529050316e-03
5.280729921876578525e-02
-3.606752990393857273e-04
4.396571753900970457e-03
4.540848659296699806e-03
1.166273623330205383e-03
-5.279970554828241659e-04
-5.244663675051499177e-04
1.205135068570755818e-03
2.399953513352701129e-02
-9.200098876504081424e-03
2.674819906143373338e-02
-9.769358737038590437e-03
3.012161235736073375e-02
4.495042698154612382e-02
-8.835970747530680347e-02
-3.633383925901791101e-02
2.987501917467509996e-02
-4.404445768072066773e-03
-1.007710185946667468e-02
1.836794978830529057e-02
4.527582324980193411e-03
-1.980174727051809899e-02
-1.506531764487422861e-02
-3.847446977548034386e-02
3.947411737631828510e-03
-1.102949860770137680e-01
-6.428555429574872061e-03
-3.983983928198624874e-02
2.050685392509357923e-03
-9.345938302138244447e-02
4.317315312040279421e-03
-1.475159635733001330e-02
-1.960587557538170933e-02
-7.947687824852951721e-03
-2.430206951880484190e-02
-2.580447336278754097e-02
-1.185230419062052454e-01
4.595692323264108370e-03
-6.775874447506324838e-02
-1.463120798114013119e-02
6.975770478327741886e-02
-1.090662566088793951e-02
-5.082564121847150951e-02
-3.291558656603698479e-02
-8.096321310939147767e-03
1.520124670682394472e-02
5.343340358417111857e-02
1.001698218397581615e-02
-6.204759582279914532e-02
nan
2.478227157154302973e-02
5.702202491595344952e-02
-1.530371145408204389e-02
-6.301023229227599443e-02
3.712734794973531621e-02
-6.124327716271407707e-02
4.245755213831226005e-02
-6.542615795945104507e-02
-1.285991277102840370e-02
1.114482702169246192e-01
7.506421634645775443e-02
1.000520803876888722e-02
1.316347609689889377e-02
-8.571605046420965879e-02
7.461304443359414486e-03
-8.615654756616467763e-03
-2.784654850124688996e-02
-7.403228988826409188e-03
8.973867920654457139e-03
1.178797762922449265e-03
3.594151127006486781e-03
2.562601450903805381e-02
-5.912151498206636574e-02
2.859885856049546732e-02
-3.497824959860106053e-02
4.824534661453802435e-03
-1.258974021195680137e-02
-2.654460944285994689e-02
-4.982061080454760343e-02
1.353717615423752482e-03
-4.000116757508389957e-03
-4.146950111471805339e-02
-2.984294812205690473e-03
1.725596994836659306e-02
1.930216801194336446e-02
-7.523609917953506289e-03
3.494658114572932617e-03
5.194506709611988737e-03
-2.219105616684423007e-03
-4.958951600037256498e-03
1.088452586729273149e-02
-1.144134595845657486e-02
8.575734522783217545e-03
1.222760128513437905e-02
2.638330289149554836e-02
-2.726225225402228308e-02
6.966544452070025373e-02
-3.929811241008612441e-04
-1.452067050212525138e-03
-9.497362260443512755e-03
-2.859125073305031697e-02
-2.816951512641435035e-02
-1.979873246442670834e-02
-9.210006686582714042e-03
1.807507602038828723e-02
-1.791616166360564255e-02
-9.974412434886510692e-03
-2.006242106604078784e-02
1.045606529438243039e-02
6.642373656595078682e-03
-1.689060073422700078e-02
9.904509274125965559e-03
-5.340810999863955522e-02
3.318089263393545624e-02
2.204824236772688281e-02
2.324500623748915890e-02
-9.285913936827887207e-04
4.770361560086074613e-03
2.180873699203832172e-02
-2.462999598995371797e-02
-2.604857086556784228e-03
-8.715697351310905394e-03
-4.564521485930664833e-03
1.140356274461588014e-02
2.472708174151350136e-03
3.802666445597057635e-03
3.497097794837066703e-02
-2.967482189679537807e-02
-1.355323495724569394e-01
3.993495497441147679e-02
4.700057963030304653e-02
6.208363328912724216e-02
6.613461436848530606e-02
1.314885704324081708e-02
-1.436498987880364432e-02
-1.193788274147047565e-02
nan
8.746494505764701444e-03
1.318459535515109811e-02
-5.402621909220613888e-02
2.831378884522774142e-02
5.060457253240414899e-02
-3.887007446104480402e-02
-9.644412838954752668e-03
8.867520945332623208e-03
-1.389427944653811448e-02
2.578991919216485490e-02
2.205476471264725125e-02
-2.244326523819911365e-02
-1.240940016858995375e-02
-2.535180707860656621e-02
-1.478649090315008359e-03
-1.066303778953501744e-02
-2.307238809696797541e-03
-1.330963321507911985e-03
1.148604765994852041e-02
-2.163015542103071884e-02
2.667337102609527652e-02
3.422823848005011882e-03
1.104138956291162918e-02
-4.474850409693128216e-03
4.980876482353733745e-03
-4.022032856151488978e-02
-9.134518231992835857e-03
1.774809011008774155e-04
-1.535846786277781165e-03
1.215656573917739056e-02
-5.495797240340404878e-03
-1.790508533476071196e-01
5.768189300261291263e-04
-3.635656575337130499e-03
3.291191798867223843e-04
2.657040371590197684e-03
-5.324834384212314385e-03
1.206044769250847262e-02
-2.592453403837852513e-02
2.838055134315911263e-02
-8.970700412815474367e-03
2.813892731933791136e-02
-7.758966934660415857e-03
-3.227543652644103422e-02
1.081870659710704218e-03
-4.890525738182666636e-03
2.220087278635512161e-03
-1.528155834376881787e-02
-2.765646706721802683e-02
7.588470594521036505e-03
nan
3.307610512757813963e-03
1.510251473172998828e-03
6.635975524511332707e-04
-7.582843083468581574e-03
-8.814115895772722462e-03
2.468114155548484451e-04
5.439133690732755357e-03
1.162158579423322458e-02
3.615958158804190997e-03
1.632120540637145914e-02
-1.351123123150022867e-04
-1.355629352187279375e-02
-3.187360452615427969e-02
3.543853659728671973e-02
-5.970166986503796028e-03
6.061443572601562212e-03
6.461297214993074953e-03
-4.139760976619659416e-03
1.087885576028040611e-02
-2.509719291027491528e-02
-7.491201110202672792e-03
-2.327181459662366978e-03
-1.185449953454848111e-02
-1.598752229630698990e-02
-5.709619202368656533e-03
1.051459258298216050e-02
1.583564366133814044e-02
-8.098635314960993259e-02
-1.519046951266135072e-02
-1.036417393431979684e-03
-6.043440659355922562e-02
1.393625492868970014e-02
1.612130817308278161e-02
-1.599088830530906447e-02
5.380318725175275291e-02
-1.612371484151428960e-02
-1.843733015380519084e-03
1.264424203258754376e-02
4.208684701598433553e-02
-1.531776803999173632e-02
-2.185092075336436679e-02
1.052815574589327334e-02
-1.276786361482759938e-02
-1.540402949660290774e-02
1.845445138933924853e-02
-5.676024163380294536e-03
-3.740660181028535730e-02
-2.333462170799693088e-03
-2.423161047241441293e-03
nan
1.485904958404610579e-02
-3.719762616601946740e-03
1.244720101561486506e-02
-5.240207209554546657e-03
-1.824574705585620127e-02
9.626216864693577097e-03
1.115396883480779602e-02
-9.218541945670373841e-03
-1.021841776350524388e-02
-1.404754179995970804e-02
-9.920276060602865875e-02
-4.123370443178744210e-02
-1.857736233138940554e-02
2.442947349813580707e-02
-2.359023298143298614e-02
-4.474895420645263848e-03
-2.867336074717302067e-03
-9.334987510521063070e-02
8.280105426986431733e-03
4.802919131790000899e-03
9.101126813890549755e-03
3.582772421610755115e-03
5.115563036062236585e-03
5.179267892732337258e-03
-2.309831408791773039e-02
6.083574538901222704e-03
2.509192641237567318e-03
1.815741733721929971e-02
2.323975065162091000e-02
-2.436538630631335592e-02
2.678639205976777668e-02
2.383806841258801629e-02
1.848945532769119895e-03
-2.636819907986083858e-02
-1.238908723462175607e-02
1.579442153265015608e-02
nan
1.164489690584940423e-02
1.206636726900568723e-02
1.226026308260785500e-02
9.980013169529641445e-03
-3.387292018252900574e-03
-3.198533243523767056e-02
-1.525001629594457302e-03
8.365413466276514290e-03
-2.900455096843125666e-03
-1.946924570834860507e-02
6.705269056110305451e-03
-5.780804333733913919e-02
1.220393288591645024e-02
3.334129829052743035e-03
-1.688307156264341096e-03
3.784409439529477347e-03
-4.798681458246694537e-02
3.251672452850843786e-03
7.165685274440337623e-04
-6.724294102348694208e-03
5.216690505953987429e-04
-2.580356972900175148e-03
7.700029520168979666e-03
5.784478326059822387e-03
1.920299223457119439e-03
-4.614517581032861852e-03
1.071444788120193975e-02
-4.955384278425008227e-02
-7.790364302438284629e-03
-9.278999245288934578e-03
1.829690626888805108e-03
-3.186003458730977869e-04
1.128251640745267341e-02
-8.347684002571836804e-04
1.200440791592500590e-02
1.191983735941621984e-02
-5.150764602019312390e-03
-2.481685630709831118e-03
-3.819232903060389150e-03
7.087451454844493487e-03
1.710889408401734119e-02
-3.001353588633086291e-04
-3.666078496216682459e-03
-4.315006832521081290e-03
7.554549600919791387e-04
-1.764089750810414860e-03
-2.457774666949456843e-02
-1.234609512551577797e-02
-1.000961006059431033e-03
-1.646317278981898960e-02
6.907675089913117156e-03
-1.651387193625710598e-02
1.995156337575399591e-02
-2.994875043518593818e-03
-6.661402779094763825e-03
-2.203710179464393043e-02
8.311116362441725190e-04
4.343363290513551299e-04
-6.190096456939730811e-03
-9.188580112728503627e-03
-7.676177320336256826e-03
2.085878487556091306e-04
1.247787492144681763e-03
-1.412774962277982965e-02
-2.471085636365765673e-03
-2.081224713343610318e-03
7.028326033428138400e-03
1.088798936688955762e-02
2.675821153875186133e-03
-2.436215043841609418e-03
4.020061033490134397e-03
-1.052401650336779078e-02
1.127684232225332518e-02
-1.214483617413842200e-03
2.695264916608013789e-02
-1.494643196054048530e-02
-5.213335974210959664e-03
-1.196147008679969599e-02
4.699641382963179459e-03
-8.671582064696354772e-03
5.227577455120133165e-03
2.251680660437192089e-02
2.677711394068109027e-03
-4.533479635199699244e-03
1.965200890321452693e-03
-1.530918184116844636e-03
-1.029834679275390234e-02
4.286432727045197226e-03
-1.444709393106421470e-02
1.040730502581677618e-02
-1.913973960693014439e-02
-8.214374772978103381e-03
2.166345586789246089e-02
-5.347634002840633526e-03
-8.912805701861616775e-03
2.490981466366954181e-02
5.357581263992207583e-03
-2.849979004524929443e-02
1.159566709838266881e-02
2.683150678749150059e-02
-4.167398766999277221e-02
-2.263698551025182179e-02
6.258560853207761898e-02
-7.089855878973818151e-03
6.515359990766176647e-03
-1.652104455484349269e-02
1.041752806246248712e-02
2.107202064199054786e-03
4.976359211639978623e-03
1.354902700396158882e-03
1.644613723526225108e-03
-5.060415661887215574e-03
-6.717230659409088346e-03
1.000963826744474296e-02
-2.070003417050194847e-02
9.760380412424123422e-03
-3.775798672521365335e-03
-5.004430618063316488e-03
-1.402590933866987993e-02
1.259629060499678575e-03
-3.448947425896807680e-04
8.867856913454796311e-04
3.631795551319981583e-03
-1.709000020438053782e-02
2.575188688390577137e-03
2.870135931621382516e-02
-4.320229577771224350e-02
-4.690295466765642338e-03
-5.673951097597740214e-04
-1.957177733137344718e-03
-2.710118937404215958e-02
5.686923068448692005e-03
8.124141401422519879e-03
-2.549943064195239056e-02
6.497025996838201416e-03
8.705103950334993484e-03
-2.263681834116035990e-02
-2.679839892237602644e-03
1.021858924155046380e-02
-2.140639527573958648e-03
-1.646852241728159749e-02
1.163633587019732678e-02
4.013885242296793762e-03
-1.126906313777835747e-02
1.383264801175134416e-02
1.356314402846046582e-02
-1.042220367619834526e-02
-2.950507300766967538e-03
6.464479043520252044e-03
6.406470114253661266e-03
5.787568667048625416e-03
3.682060732584264539e-03
2.276581866792579296e-03
5.133853330820197479e-03
2.518586628734157036e-04
-1.624889069022141322e-02
2.325692473102667582e-03
-2.355688170647099108e-02
3.569608294171379686e-03
-2.265034660842840317e-02
6.333083493465904192e-03
1.389471839500281553e-02
3.504975260119733062e-03
-1.325064391042360314e-03
-6.247248622009230964e-03
2.960699210301915869e-03
6.896237206634576143e-03
-1.622624315654453125e-03
1.439817446217297667e-02
-2.241976160788479390e-04
6.322355875567786665e-03
2.192215657344204639e-03
3.904995745095150156e-03
1.436097831046019915e-02
-4.420442691993156691e-04
6.592918521560122043e-03
-6.353205342875084885e-03
1.175616716230104726e-03
-7.310845138103725348e-03
3.752619783643542425e-03
2.948978801979957372e-03
-6.907099593067052810e-03
4.495391424572632751e-03
8.280449748720962455e-03
-9.566549446494020288e-04
5.234304480418639285e-03
3.968023531134322497e-03
7.296515714885780726e-03
8.836897309484271351e-03
5.766311208437074551e-03
-1.472898131797596754e-03
2.646804182907104932e-04
3.679264784078162005e-03
3.757005416589348848e-03
1.294114817404267174e-03
1.520681830787782825e-03
2.646106009643667874e-03
9.235196755481251546e-03
-2.451474992639860861e-03
-1.512201380365990784e-02
-1.883144244020249283e-02
1.151923247042105185e-02
-7.989480295151462491e-03
2.262635990188589363e-03
8.791451028058684322e-03
2.455314874473794526e-02
3.898068241932376235e-03
7.822032888133823025e-03
-6.001931163540220708e-04
1.043287916660337426e-02
-1.877188942724639098e-02
9.400972715463955243e-02
-1.046814905355552758e-02
-4.950395832706798276e-03
-3.252270464536707092e-03
1.771044021547114530e-02
9.744354003314709828e-03
4.030871963837875938e-03
-1.138971813003925027e-02
1.273536341004555782e-02
3.149252557886243666e-03
nan
-8.363618454266547736e-03
-1.728876064380539812e-02
-6.073412295768005828e-03
2.414513275280151874e-02
4.590042343729160493e-03
7.486003287821471055e-04
2.155979926083975359e-02
-1.233590003781190846e-02
2.521870424642039948e-02
-1.552317597722100394e-02
-1.605793000291768496e-02
1.624618734691682387e-02
-5.602204460666894772e-03
-1.804414107433358495e-03
1.162120757950553442e-03
nan
-4.758399816447729698e-03
2.976794086982383417e-02
2.232806207218550418e-03
4.819331811471566640e-03
9.010645268879648867e-03
1.842644451594125515e-02
-4.229761649797414403e-04
6.539791484927174464e-03
-1.702609769880959658e-03
2.176610414162194820e-03
-4.261274395959076949e-03
1.995996675477161499e-03
1.002361775240243578e-02
1.263145963465629133e-03
1.631691151561154990e-02
5.376125958094631237e-03
3.168562117102266453e-03
2.173905195100103889e-03
4.973567895742220983e-04
-3.662653973911849693e-03
-1.184580082717760427e-02
-4.546527205469159776e-03
1.508572785124589859e-02
5.419448769586801724e-03
1.708540464033903028e-02
-1.236674361426796584e-02
7.471553197443387730e-03
-1.969369740228344573e-02
9.390630951233243720e-03
-1.222908708116763297e-02
5.367831678764695483e-03
4.390033575967831154e-04
-6.393523138745492440e-03
-1.963446636011999778e-03
5.646949984158071423e-02
-1.892095177172267717e-02
2.991196826077305304e-03
8.473164618401965095e-03
-3.675253283826706945e-05
1.960432435111507388e-02
-7.731687876777387563e-04
4.281143940748921854e-04
-6.405940860539692180e-03
-1.045256621716817574e-02
7.891574568539136067e-03
3.570205292216035563e-03
9.482935333832896718e-03
-1.924592509888684586e-03
-1.862736021461892932e-02
-3.086576803351535198e-02
-1.289387824243668282e-02
-7.463702438327959659e-04
-9.106192246908164853e-03
5.569948616145424525e-03
-1.623418646626575805e-03
7.037516735026173561e-04
-8.886711182383668544e-04
6.991891442137875001e-03
2.642071896078000606e-03
1.736592774716140325e-03
4.683677700843354511e-03
-3.546719836608984146e-05
3.297566447602063525e-03
3.194004651919897259e-03
2.132481523776718051e-03
-2.281510542445375125e-03
-3.972876132559573746e-03
6.109211180720446228e-03
6.300314134776417892e-03
8.687670711826373654e-03
nan
-8.240147348704929264e-03
3.526695602825945242e-03
-1.007745032596249533e-04
1.851447423730206987e-02
2.622487588508511623e-03
-8.727814873320714761e-03
3.133955032375440770e-03
1.820770742526092462e-03
4.654822644514657222e-03
-2.737774184822241823e-03
5.128947846006328380e-03
9.019450369653137997e-03
3.926345122420963479e-03
-3.611664110465961572e-03
nan
1.552169430769207922e-02
-7.376589551782893051e-03
4.085754055872306383e-03
3.822885695010954212e-04
-1.469927461226027852e-03
-2.748726957829368474e-05
5.355345715229806874e-03
-8.000317162658875797e-03
2.673094211194349326e-03
6.226319839851565154e-03
-4.566454384695731172e-03
-3.863925218823322134e-03
-1.455916488466268456e-02
4.553484015221563597e-03
1.000395691990341000e-02
-2.105609905738293347e-02
1.515035529244844123e-02
-1.549769821872106629e-02
1.725513119488397695e-02
1.193849451601654288e-02
1.682866761454365756e-02
4.083469717317614323e-03
1.654146523452243792e-03
-6.605477578076788918e-03
-2.555743187617854056e-03
-5.080546432272504270e-03
3.519255642761809702e-03
4.191244171475729668e-03
1.439179848790327412e-02
1.702484394982688165e-02
2.138517588446747428e-03
3.127635898149375843e-02
-1.006882988570259076e-02
5.722011555576693095e-03
-2.052908230140827739e-02
1.664040799812280518e-03
1.034329503950085632e-02
-2.887045562984427282e-03
2.450551796129323088e-03
2.503252233978040257e-04
-8.551156866042623761e-03
2.491968857404029507e-03
-1.193377823242758318e-02
-1.636834169510617987e-03
-2.266107703133462322e-04
-1.038599820229835734e-03
-1.890805432847506712e-02
4.032894910552424668e-03
7.208563522723354482e-03
-1.229476838442863712e-03
-2.429483619455023377e-03
nan
1.912110927283191056e-02
-1.985886377996682207e-03
1.878455393212639588e-02
-1.900906517221207653e-02
-1.979089750272677861e-02
-4.254470995681088573e-03
-9.372385611653865148e-03
-1.744498479493886492e-02
1.807613571237117085e-03
6.339263670781233005e-03
4.170504051350298370e-03
3.801184291101103278e-03
2.800405244883930576e-03
5.431656505837223871e-04
-3.328302478026707190e-03
-1.166234001805933548e-02
-1.275012694460706669e-02
-1.437585096376294350e-02
-7.894319970180222953e-03
3.369388449795519130e-02
2.228526443752657654e-03
2.587899064871678617e-02
1.376227497121739786e-02
1.191591708870071847e-02
-8.229176273029398941e-03
-7.485239973343272603e-03
-6.991470199649219529e-03
-1.933088715723795675e-02
1.582415075489954082e-02
-6.583827132794313301e-03
-1.905856760767807648e-02
1.588959551187862917e-02
8.647509462218589196e-03
-1.701520753635420505e-02
-2.626942453062820499e-03
8.591524611071430992e-03
-1.052311943519406053e-03
-1.918483642644958770e-02
-1.253476290050711817e-02
7.934546201081336264e-03
1.323956324701433757e-03
4.048340407716585418e-03
-2.193750985261850358e-03
nan
4.063567915621649380e-03
4.619079944305713378e-03
-2.960323331227874069e-03
-4.303974154840987595e-03
5.212081946598869954e-03
1.633629331027363837e-02
1.420529193321800644e-03
-2.278676048970265655e-02
-5.002545049809142873e-04
1.533263860008821739e-03
2.216822389738272274e-03
7.796152301781418201e-03
2.313592647801644090e-03
4.703800073501274680e-03
-7.132125622723905871e-03
2.249369587045199625e-02
-3.102582791571091569e-02
-3.257987383387252189e-02
5.293696905761790736e-03
-3.268973553952821218e-03
-2.774973381272004876e-03
3.804173569357287114e-03
3.728693595938394056e-03
-9.313945008883960097e-03
6.595745054591073929e-03
8.107773838708749129e-04
1.164718715539053706e-02
-7.542949740725706648e-03
2.119060255277629631e-02
1.573999104080639824e-02
7.593740653661612550e-03
3.549942456728577317e-04
3.948706930328243873e-03
1.239829957108438963e-02
1.299799388817729452e-03
-5.664639020950927584e-03
-2.929769305826066005e-04
-4.185342158453383109e-03
2.569143218862463343e-02
1.553744347242838955e-02
1.707171566340563804e-03
1.304601334048838442e-02
9.999513629520874469e-03
-4.187967054977476469e-03
5.368954008597999483e-03
1.748218783035837900e-02
1.351761231835619734e-02
1.789084589621406027e-02
nan
3.648816211323493985e-02
9.372334093077779385e-03
5.424390767069282512e-03
-5.003903511391288340e-03
2.388812728551192172e-02
8.759693723911691696e-03
-9.256085382231055148e-02
1.950792832275156929e-02
3.338005581967666124e-03
5.872041272377633188e-03
5.115286919668518562e-03
1.182918039878300999e-02
1.325151737262350929e-02
4.280898413724103582e-03
2.596006688692290790e-03
2.791480197081259648e-02
-3.705985817569958790e-02
9.325705244156910073e-03
1.459599389384797982e-02
2.600481973429541113e-02
1.895439115467661625e-02
3.795908098400932549e-03
8.159801629182202379e-03
1.639898498048688105e-02
-7.806160367218714993e-03
1.924754166469428915e-02
-7.198745753789973899e-04
6.791694816493265389e-03
4.982480491537482660e-03
1.087843624048001091e-02
1.021341198460592667e-02
8.617130469627976019e-03
-5.088988006067662884e-03
-4.610867771819976424e-02
7.036306598270135673e-04
-1.083936557150916649e-02
4.056051821037722806e-03
1.022451886169192456e-02
1.854044977439415001e-02
2.562502869284697532e-02
-1.752489860261055230e-02
-5.725401453949530498e-03
4.522363891817399173e-03
-1.990664474569781711e-02
9.663931309037990247e-03
2.545615453031113262e-03
-8.357357736755234232e-03
-6.340144987465155466e-03
nan
-1.263836832735561883e-03
-9.890689869880130852e-03
-7.490877599740169979e-02
8.707718373060469377e-03
-1.563341749554861271e-02
nan
2.082816962738201494e-02
1.082860997553638030e-02
-2.343904586282637148e-02
4.710928607383465215e-03
-4.037191604990197913e-02
9.457253357821499310e-04
-4.221551218695859808e-02
3.583120507255794628e-03
1.555510838952282003e-02
9.837950489538222279e-03
1.391337577715057519e-02
-7.340337437073478702e-03
-1.857209654788941761e-02
-4.586523649017507087e-02
3.223468362373495960e-03
-6.568420536389045321e-03
-8.043599213437360729e-02
-2.799761058519555090e-02
1.531529533824086027e-02
-3.136952821326773055e-02
8.043066936824523963e-03
-3.493220833389003299e-02
-5.361697004334235565e-03
-1.832070755467280626e-02
-1.877427675918622724e-02
-5.226433332534267430e-03
1.054864951677532067e-02
-2.657469621817822383e-02
-8.744715042548431919e-03
1.099505846102522000e-03
-4.576791376733781169e-02
-1.572841307152607684e-02
-7.341008321093714546e-03
-2.750040140009358397e-02
-7.871299255778911944e-03
2.773718002873563210e-02
-7.629447624201487511e-03
-1.677854168042075544e-02
-6.514266438962033889e-02
-4.408615681618210068e-03
-2.630375331460611029e-03
-2.569250344894946636e-02
5.397816821358451464e-03
-4.661356895475348566e-02
-9.540197080110701319e-03
2.956268425068495770e-02
-1.965143476201832232e-02
3.735454113592753724e-03
2.412645375545680732e-02
1.801747005604519697e-02
-2.971063932011975411e-02
-4.666312400616613038e-02
-1.057231691657666527e-02
1.861969068261347740e-02
2.975548789795022867e-02
5.549018290956589730e-03
6.413967723467349849e-03
7.986936772558067901e-03
5.348283150433034636e-03
-8.492803463549731743e-03
-1.626867042710720968e-03
2.896682661922213037e-03
1.478503222687009046e-02
8.970198028757172398e-03
-8.246521495369456972e-03
1.109890663742754864e-03
7.037543558575638271e-03
-4.860966335987005130e-03
-1.245465914228693904e-03
-5.375875083242450704e-03
-1.133463597102654999e-02
2.075370924083903834e-02
-1.657845240872450263e-02
9.191713324517047142e-04
2.553205641030823272e-03
4.594691378310403543e-03
1.392529724293203874e-02
-2.627429948099737483e-02
5.971835953079346337e-03
1.698680684142716765e-02
2.305763166367898794e-03
-2.368846105521743572e-02
-3.256579232293626940e-03
1.430665182036278127e-02
1.508539439288662104e-02
-2.874333930568158738e-02
1.213994966601056845e-02
9.521269739205228668e-04
2.391301940365881274e-03
-3.509463594318544544e-02
1.245983876399425240e-02
-1.063076339354593683e-02
-8.649111503517867283e-03
-2.347336483990429198e-02
7.179418346367896081e-03
1.177438031639075310e-02
1.887482583957071636e-02
3.015437885189347755e-03
-2.454143207944715563e-02
-2.262396275603474356e-03
4.645814893673730350e-03
-6.957292989074557836e-03
-4.783037709991051593e-03
5.197016191968669742e-03
5.327512106433745891e-03
-7.001349323435809846e-03
1.493858664512840622e-03
2.292358698314909027e-04
1.017032176510284346e-02
-2.563831532728147976e-04
-2.095379866433204688e-02
-1.238525946159390462e-02
-1.914754763706096388e-02
1.352258576740464520e-02
-1.918204271522191973e-02
-9.248907596793889269e-03
8.826673840510460218e-04
nan
9.615630622615960752e-04
-4.362553155900524005e-02
1.905503512236394678e-02
-1.636626988686640596e-02
2.130671785735207407e-02
-5.156815649906085902e-03
-1.717707877497214042e-02
-2.933461311714209013e-02
3.819187967015573448e-03
4.136745542670165580e-03
-5.240907612389336667e-03
7.833741208342224951e-04
7.513704144354473155e-05
1.095311293511834700e-03
-6.341682701618936088e-03
1.220371748997047499e-02
1.565429779866592264e-02
-3.241775887982415155e-03
-2.815663259460104810e-03
-7.788411208591044035e-03
-4.057960522569282330e-02
-1.963739174841257901e-02
-1.624046933819458041e-02
6.517683252486832467e-03
1.409565413467787345e-03
1.778706762341747058e-02
-1.755886916802356160e-02
1.574777828013664699e-02
4.373957982815749289e-03
8.564086866706663087e-04
-6.807203897859380980e-03
2.957609192102237695e-03
nan
3.552721963154667408e-05
-2.651611994944645320e-02
4.762050306653498044e-03
1.244464736478433824e-03
-1.418324417159554790e-02
3.433263859763723957e-03
-8.726962891426917959e-03
nan
-4.556498424744969853e-04
-1.924908807220685261e-02
-8.797583542907223830e-03
7.076711614228627448e-03
6.307049735808052844e-03
1.299931433317551375e-03
-2.711480694938313112e-03
1.361934342969161466e-02
5.949962001034425629e-03
1.092412757452559079e-02
9.579140991493543394e-03
3.523378303732419936e-04
1.256667885486346297e-03
-1.731467692047952700e-02
-7.020390376086312750e-03
5.296972271417805384e-03
-9.111639726762391089e-03
-2.952768003948105118e-04
-7.107662183839204978e-03
1.505231104823801652e-02
-3.818003754432334682e-03
-3.319689232250358502e-03
-1.064517651286429716e-02
4.077335734346998648e-03
9.097368054289350567e-03
1.589073104673553987e-03
-2.359907745626969866e-02
1.646018704904835331e-02
7.164454085704476723e-04
-2.378714370589208715e-03
4.139587583021738437e-04
-1.037749523249636031e-03
1.224473517122963255e-02
-3.143934487709975842e-03
-1.892290945402716473e-02
-1.039654684757867695e-03
-1.097498227122040149e-02
nan
2.653473746043833598e-02
4.093438091011138147e-02
3.308252144332180563e-03
-1.697366188874998086e-02
-3.016635930596535745e-03
7.516536348952339124e-03
1.959618615898280503e-03
-1.423456316215754650e-02
8.561688431971617788e-03
-1.393163948761122137e-02
-1.456007756938825903e-03
nan
8.748999539771030315e-03
-9.395187747369844120e-03
1.029844130233043345e-04
nan
-1.249992255935040856e-03
-2.473733105910290182e-03
1.059267907096841065e-02
1.190036445668585588e-02
1.456996153832105156e-03
-6.991427077892303429e-03
-6.609296577946411830e-03
-9.207902892976393364e-04
1.383968943118201334e-03
-2.941930974417898085e-03
6.140918377634964516e-03
2.419315959384022319e-03
-2.980862992471416169e-03
1.254018681513898023e-03
3.013602747998430764e-03
5.354047190344896762e-03
8.450805004861203923e-03
-7.554883895730414405e-03
-6.739153028348664892e-03
-9.162366180426073300e-03
-1.919515369124160601e-03
1.948243915528469553e-02
5.002964853312021022e-05
-8.622665236222962909e-03
1.651910335876307593e-03
-3.804720484837568681e-03
-1.520928783390577792e-02
-4.003577215338287483e-03
-1.312138256012743490e-02
7.815212170346821918e-03
-4.360260212502204552e-03
9.817697904762447483e-04
2.495541912564052875e-02
nan
-4.075039937574462430e-03
6.012841619850005197e-03
-5.634727702759918799e-03
5.301063400763666132e-03
2.047196476434485872e-03
-1.608702616821683015e-02
-1.406252878071950069e-02
2.300333401544206458e-02
-1.043601677003527621e-02
7.745761302646806366e-03
-1.256227077148715926e-02
-2.982879242534241734e-03
6.392551393045843924e-03
5.896578673187393392e-03
-2.603933639186558485e-02
nan
1.974146892294196404e-03
-1.117320036301865278e-02
2.227096966214248391e-03
1.224054404258848559e-02
-1.174026995920232977e-02
nan
1.425557290813312707e-03
-1.900201528085567913e-03
5.656466850275645650e-03
3.660299514956475136e-03
3.069011477721856826e-03
1.932265466835545245e-02
6.937353387311199007e-03
4.874272022362793715e-03
2.316374487604789395e-03
-6.256097257113557401e-03
3.377589286933960384e-03
1.168491298420605909e-02
1.144513111156676873e-02
-2.075755070967027355e-02
-6.102659179566798792e-03
1.076375904551656222e-02
-1.950713908238753055e-03
-8.371879814670545039e-03
-2.348259813566889315e-03
3.532031773962448964e-03
8.168132088324557560e-03
-1.865002462976752574e-03
-1.392478644331845853e-03
6.906961277004764269e-03
-3.163756603024559205e-04
-4.537176668039081054e-03
1.529188279088885150e-03
8.757131719619136445e-03
7.857267863567400775e-04
8.561133607267392906e-03
8.530977343705004046e-03
2.560531560842971028e-03
8.403438876687988751e-03
-7.685581614007922120e-03
-2.066139243231826170e-02
-1.814451865005224044e-03
1.045942045576335033e-03
7.523088901275561168e-04
4.993238426850215650e-04
6.936960736868706505e-03
1.898152183098051130e-02
-1.414481881268191306e-02
3.385159335198442785e-03
8.377146619039699954e-03
3.378219296312075476e-04
-1.044449126150950174e-03
1.463134607748546416e-03
-3.391038815628963973e-03
-4.448785939870175633e-04
1.079109984310877048e-02
-9.288042418493161825e-03
4.714302612102740965e-03
1.002267139763675504e-03
1.985476705777564771e-03
1.794052842291781434e-03
1.017064622442184589e-02
2.404876948394261797e-03
-1.524100981096119297e-03
-1.375991530230269650e-03
2.615059120532382559e-03
-9.993816807689188952e-03
1.356662520882108251e-02
4.083423043843043161e-05
-1.837316646428062764e-02
8.632138589288771563e-03
2.608873380883279611e-03
nan
-2.765432774347670146e-03
-7.269878932448709842e-03
2.049805710930030153e-02
2.653933834697511768e-04
-1.618337406689888004e-03
-7.156889813743023965e-03
1.361384161331562898e-02
3.063964718557715683e-02
-5.582603048435282739e-02
2.279519462647404751e-02
-3.079208289557335693e-02
-6.949980473411676097e-04
2.766352870872131162e-04
1.851618343348053518e-03
1.803113466233770973e-02
-8.973148957609604695e-03
2.419334677835880895e-02
1.490202616083828070e-02
7.587601550778307752e-03
nan
-2.219495876291759096e-02
-4.960186089067713383e-03
1.540330493879752891e-02
9.979486236943357815e-04
-1.026465163975832755e-02
2.490740309318801790e-02
3.354618709399042296e-03
1.798866465241641746e-02
-1.136911652222200204e-02
-4.141256531394495871e-02
1.548663473450665080e-02
3.081736517213260612e-02
1.997023597871811287e-02
1.679611814225420025e-02
-3.581508335527515668e-03
-3.529079823609950622e-02
2.167496461889082543e-02
5.383898389571501603e-02
-1.300478395279841548e-02
-1.162818086566530171e-02
6.383463928548155711e-03
-1.693360947346815581e-02
3.622346178567541208e-02
-1.290680132941785614e-04
-6.344398676243998003e-02
-7.937543914888489649e-02
-1.235365120219555565e-02
2.880821315028216784e-02
-3.582949833877225460e-02
9.170127640702270891e-03
-2.040145411280228430e-02
nan
1.692172224871565630e-03
1.134182148427986293e-02
1.385506485772574183e-03
-2.526432511369900314e-03
-1.755367204649775940e-03
-5.995769307564420732e-04
1.603280966117844909e-03
3.159797427832213013e-03
-1.908350438482680350e-02
-2.933857239576654740e-03
2.548588010661706395e-03
8.441596219467030482e-03
-2.596307729013997995e-03
2.038889268655155306e-03
3.171806705375013885e-02
-6.638144540212341516e-02
2.232971315065298071e-02
3.237914353163021119e-02
-8.178992249905035414e-03
1.667257199403064660e-02
1.395996399318480668e-03
1.701437449336468946e-03
-6.460098458053277655e-03
-1.292649862871399560e-02
1.436228114213709654e-02
-3.404187853244405176e-03
3.015825450361585020e-03
6.099890752506652650e-03
1.831782966304746491e-02
1.690114881522045023e-04
-2.520869636699581747e-03
-7.759082988386300367e-03
3.281841915718566177e-02
6.633569702584698503e-04
3.213212776019286170e-03
-3.555040457080823908e-03
5.803509234640423509e-03
5.934266677585850816e-03
1.802220104342284676e-02
-2.291518817841381190e-03
1.132169512789144190e-02
6.040293289628852549e-03
7.099184681799121203e-03
-4.862154165047198606e-03
1.587300223887727841e-03
1.513335975722990669e-03
6.041874624191661061e-03
5.069567213396699917e-04
-1.009017897130064971e-03
5.935452028020368059e-03
5.596547138400094663e-03
1.394586237089938917e-02
1.179454060872045604e-03
7.052529729836475199e-03
4.634426375450202695e-03
-1.055013900424773415e-03
9.341752866816764242e-03
1.806180118059490681e-03
-1.580768045647521977e-03
6.553574882962032427e-04
-4.889511933063997624e-03
-2.534779198576551928e-03
1.034810080043976031e-02
-3.020700135921082410e-03
1.721322263424836588e-03
1.840484057893207893e-03
-1.234851438158226849e-03
3.383494515699916817e-04
4.116380154205382183e-03
4.040841779523051021e-03
2.637506562730798990e-03
7.113263843569966145e-04
3.317541425960400005e-03
-4.296788260757656956e-03
nan
5.968920030645490440e-03
-7.931019443954821779e-03
1.607957156071096504e-03
-3.475918420837689066e-03
6.215153816160426956e-04
7.330225396785133504e-03
-4.473596306145690218e-03
nan
3.380780855141122740e-03
4.406469897582914776e-03
-1.387661311363726354e-03
1.804398817920251736e-03
-4.109830090353093143e-03
-2.990929411777702458e-03
3.489112331080029654e-03
-2.127870611191788174e-03
5.973516325597996376e-03
7.364971218234931533e-04
4.284891764037938693e-03
1.009619598901067422e-03
7.653825818588997102e-04
1.399784376759511013e-03
9.085975582576904293e-04
-1.789990223466474259e-03
6.084847017905565050e-04
2.548272406471859940e-03
-1.904952632213337575e-03
2.230392249755688231e-03
8.858320934874291952e-04
7.468878395576937501e-03
-5.318197472373362850e-03
5.320951951015818158e-03
3.433715617761270034e-03
-1.797350046481416665e-03
-1.253444923285987507e-02
8.718516915916092042e-03
7.792726438344093481e-03
1.236701581591861943e-02
1.295575272453216220e-03
7.625416413915357162e-03
1.281046232945522168e-02
-9.982011734741893030e-03
-3.407808947095791741e-02
9.728075120465267192e-03
nan
-1.132836941779641338e-02
9.994816015804420389e-03
-4.960219155510321720e-03
3.466788220940883371e-03
1.045249617067965653e-02
-8.427539193712918486e-03
1.644251404932276298e-02
-1.419775728269325951e-02
1.966037139675151993e-02
nan
7.892145785161066088e-03
5.682036335355142645e-03
1.584582886140720333e-04
-4.674774855749769253e-03
7.417642336132926513e-03
8.811577910500897892e-03
-3.848165563476436957e-02
-5.199417131935319021e-03
4.074041569708912458e-03
4.436047834819582640e-03
-5.671941224802951216e-03
1.596515028158670274e-02
2.559034888480585506e-03
2.706595604222792467e-02
-1.763084359690910569e-03
1.301885028900349149e-02
-1.049923859865011791e-03
1.091010009059157661e-02
-1.756487291952183501e-03
1.799893563551609871e-02
-5.860351525331581810e-03
1.656121987124317815e-03
-8.512753121071574280e-03
-2.287875494937634951e-02
1.015430694683601767e-02
-2.281481920221325489e-03
9.217912399298954992e-03
-2.155744504625013019e-02
-4.391427502525512786e-04
4.194786227095809866e-03
3.671178169558499387e-03
-8.241883470933483377e-03
-8.819161620575749483e-03
nan
-2.619403943086603785e-03
1.354460726383090001e-02
-1.187067227108399084e-02
-1.049115563131000585e-03
6.758722940823688047e-03
4.679852771502142632e-04
-6.697558750467150386e-03
8.770815896624203217e-03
1.094578342283611914e-02
-1.759255232560424410e-03
-1.521053710426878078e-02
2.036084833128201047e-03
-1.587299423764527940e-03
2.357648272705512027e-02
-5.129332265872186582e-03
5.159047244496616468e-03
6.832632803847688875e-03
-6.947073135304463604e-03
1.224415907671479523e-02
6.043288765240758739e-03
-9.665879968987441118e-03
2.547315172872084005e-02
8.778112420154775795e-04
-8.705609234568667879e-03
-3.153307116064341564e-04
-1.751708588555869230e-03
-1.553964178262617468e-03
4.482738609899962999e-03
3.845460731285229184e-03
-1.569576607212228372e-02
-6.320048604978211609e-03
-1.074005934685498759e-03
1.339857173994188182e-02
2.066017583028081396e-03
-1.169842804063778163e-03
-1.752007520039737878e-02
2.771998293924382139e-03
2.880753415596125442e-03
-5.613516470228974500e-03
5.009174203327674060e-03
-8.720249222521991514e-03
5.386356008980217741e-03
1.664813539060912458e-03
8.485346019217179445e-03
3.066798183888925383e-04
3.087092370536417135e-03
9.733542074436667959e-04
1.266225509204566696e-02
6.704096515957813467e-03
3.316868301271577724e-03
6.914208121180387585e-03
-2.812168882354255505e-03
-1.419864537341213907e-02
1.326696099679760231e-02
3.862672875042936702e-03
4.520997819520186211e-04
-6.016678454638955953e-03
7.366308795497612458e-03
1.800406456474280131e-02
-3.452394266313091493e-03
2.313878596675899776e-02
1.121380524276924988e-03
2.033321025042714170e-02
1.576959357847499549e-02
-8.993529327388350911e-03
-1.944852279156142815e-03
nan
-1.121811030706815464e-03
8.021666037606999325e-03
1.009012505680358628e-02
2.044569740307135459e-03
6.223557481556905684e-03
1.433218529018583445e-02
1.802122224437097998e-03
7.789127200792885647e-03
3.730400891675966606e-03
-8.360532087742233998e-03
2.033355808702330941e-03
7.067630374935189759e-03
1.104418940449806812e-03
-1.159687203158663200e-02
3.567085197725664621e-03
-3.568523948499244952e-03
4.386923403413585561e-03
7.210281574857928429e-03
5.130657596749660376e-03
-1.293663000419225696e-02
2.118849723155004968e-03
3.824527784645889912e-04
4.648806629079891596e-03
9.828398878948983383e-04
1.414845880398069369e-02
-4.034884492311130097e-03
-2.115850547454496949e-03
-3.422877141835149045e-03
1.758841230355899510e-02
-1.882762047497944227e-03
-5.603922874751174387e-04
-1.882416267298548176e-02
