4.962043111062257664e-03
-3.717752813617722623e-03
-4.121554037844374699e-03
-3.902220032602503677e-03
4.345808484780134054e-03
4.330162119794608508e-03
4.047981539555721257e-03
-3.440541912970702595e-03
-3.963419822484923194e-03
-2.055619219862573829e-02
-4.518323000734289670e-03
-4.119640002825057830e-03
4.116587404044949952e-03
-3.820920007016159140e-03
-3.725029705222728665e-03
-3.448576570588824525e-03
nan
-7.154207557382233351e-03
-5.800914470563385029e-03
-5.159875080321472095e-03
9.535339368725361323e-03
8.925215437922689662e-03
9.878622844923900040e-03
9.870047225879328978e-03
9.988156978342169201e-03
-5.087943726812719537e-03
-4.839379582033714183e-03
9.915724280198337515e-03
9.212047863986728632e-03
9.853673494043273598e-03
9.975476748995331516e-03
9.882880565422814609e-03
9.959941086144303429e-03
9.939468803767918456e-03
9.407715832821446009e-03
-5.911347263057237407e-03
-5.421507911036346078e-03
-4.846580129742679779e-03
nan
8.656223562873916963e-03
9.919611679541655638e-03
8.293600747393447409e-03
3.007799403243854777e-03
9.877607827593658588e-03
3.682777671837174794e-03
9.286338665842649998e-03
9.755791155202586662e-03
3.618685391799484306e-03
2.927081230788556882e-03
2.973899968525137161e-03
3.243981427575557807e-03
nan
2.974452003340346054e-03
2.906741436206532279e-03
2.598161815141019878e-04
1.858200643612210792e-03
nan
3.160206677786889262e-05
1.559956286066763176e-02
-7.495107711347395035e-04
3.590277478947493436e-03
2.422243222204722209e-03
4.502416814456723388e-04
-1.506322875696413429e-03
-6.034765680031349035e-04
1.308284241239764762e-03
1.513660252476515047e-02
-2.513898835592081812e-02
1.833621381309563994e-02
1.668205509373959323e-03
1.471753149435840041e-02
3.107813279577095050e-02
-8.678855630941198496e-02
-7.453143468091960600e-02
5.222396483461009403e-02
2.456909041939408286e-03
-6.157916247013935605e-03
2.506949920525557759e-03
-1.752582525951047049e-02
-5.725258016363293095e-03
-4.413265445849724744e-02
-1.717269649152743452e-02
-2.253803569412937691e-02
-1.000456654316693034e-01
6.481776077069653468e-03
3.206167533355189225e-02
-4.625567989233354826e-02
-6.865984052671163761e-03
4.098238048726027261e-02
-1.439675893362727874e-02
-1.176275992190061077e-02
-1.340818892812563508e-02
-1.530970145083991769e-02
-5.090991887679277572e-02
2.831090348560369452e-02
-2.087028609713964880e-02
2.375865740533203083e-02
3.517894241725749715e-02
2.616262970619506190e-01
7.588956043268569283e-03
-1.084542541954640754e-01
5.233700527506063120e-03
8.601879040685154673e-03
-1.809389792214092943e-03
-1.322286814027804312e-02
3.658720327032016079e-02
5.060190876730523424e-02
5.492928596129840330e-02
-7.674846376815946426e-03
-1.396905331719087290e-02
-6.283409460977183725e-03
-7.784137234733931598e-02
-1.077172005618483308e-02
4.399960169858948417e-02
-1.624510038700695963e-02
-1.481185868264300355e-02
-3.412293097762076483e-02
3.705431229086943862e-02
-1.943440873079815487e-02
-1.054491317661499818e-02
6.622976466704585605e-03
4.549883651939486996e-03
3.030398510452849380e-03
1.489392970946990143e-02
-2.508278630200701589e-03
1.521702768472498746e-01
-8.776700557786501142e-03
2.622331188399750542e-03
4.971669747987835473e-03
-2.101782608788972315e-02
6.827935465814942428e-03
-3.945566978049536155e-02
4.358166100541020077e-03
8.440567108098137594e-03
2.117399068091536940e-02
2.399977662213192628e-02
-2.724357374438304835e-02
1.878405470983695452e-02
-1.910988763604593802e-03
9.900064358497663336e-05
4.734275372667576948e-03
-1.014984976161669751e-02
-1.348471060036998681e-02
-9.260828489521925628e-04
-1.354057381174260215e-02
5.049165736015507645e-03
-6.211558063967045906e-03
-8.601246813710113071e-03
-1.545894587642263583e-02
8.280683975481168552e-03
-4.939366879399311773e-03
-1.033825090588287934e-02
-1.247057268191453447e-02
1.651867060895028869e-02
-2.305206407899444004e-02
-2.217188125507391083e-02
1.701565757965647907e-02
-4.213891831270080539e-03
-3.356052345992956154e-02
-4.274403117914080813e-03
2.232717881778552640e-02
4.312856135739966471e-03
-1.107428130588300821e-02
-2.031616879416850083e-02
6.781681892381275986e-03
2.695119815819908837e-02
-1.925605069511690179e-02
-8.066513793136855220e-04
-4.418388240362106610e-03
-1.333958074524617052e-02
-5.840091620809107625e-02
3.188129664371226052e-02
2.254145305937223578e-02
-7.079317591767033714e-03
-1.480449725176569489e-02
-6.286016519387152383e-03
-2.035827727257857184e-02
7.147455473907044290e-03
1.086284317364437368e-02
1.417417201512924559e-02
-3.730751009500024931e-03
-2.719173152593877194e-02
1.940464425615291699e-02
-1.664292206933543419e-02
-4.646489542689187513e-02
1.897065931216180557e-01
1.739259976512810557e-01
4.518239664630468305e-02
-1.253255110038467048e-02
3.779812015535417152e-02
-7.579188050513743780e-02
-5.838348018005412587e-02
5.803839487602739655e-02
4.739095937936464026e-02
-1.132776217052537948e-01
8.389405738535693491e-03
4.442530712076591531e-02
-8.141029473433074315e-02
-8.839918929962456429e-03
1.983882029549042039e-02
1.699644900187473546e-03
-1.863027645150196199e-02
-5.790775763199760076e-03
-1.729376095786242136e-03
-1.817958126061082133e-02
6.759151672251691514e-03
-1.723088561394175294e-02
2.153613059705288685e-02
4.626345679861815739e-03
9.648173151835345851e-03
nan
2.363446478311163629e-03
-9.661379518296578719e-03
9.427815501136627141e-02
1.390355154679259915e-02
-1.939826012528368671e-02
-2.694763522395214606e-02
3.608403753740604958e-02
1.677652704699406777e-02
-1.597151199640158697e-02
5.692880628246609238e-03
9.530473161657410791e-03
-2.948636681652447647e-02
2.311501607078382016e-03
-2.336505857095058300e-02
6.955112651303769870e-03
-1.121822745720626319e-02
-1.486378861058594222e-02
3.887852870136052769e-02
-1.401868553176971108e-02
1.725421343453570344e-02
-3.529678364205742023e-03
2.452675366676141180e-02
-4.313997447693638100e-04
-3.482878960755909914e-02
-1.786811716715505302e-02
-2.177577759784018671e-02
6.895180431254216251e-03
2.130233139097454514e-02
-1.356714125367906518e-02
-8.832935208300946028e-03
1.904589876207931146e-02
-6.680333217189646797e-04
-1.449221470086959652e-02
-2.838806943732251342e-02
-6.443482320472060723e-03
3.184177622730077848e-03
2.033567114258632430e-02
4.966046820911360071e-02
8.426450731500062172e-03
-2.508977788403147710e-02
4.822357235036552059e-03
-2.250903682931064409e-02
-1.696894274035179104e-02
-1.389031932810317130e-02
-2.517728002663257095e-02
1.505350696124935737e-02
-3.185663718789917814e-03
8.423713827284230043e-03
-1.988784090849711125e-02
-1.926202567482451083e-02
5.814471923733317144e-03
8.935306944024881334e-03
6.909184510508955060e-03
-6.233295442798281790e-04
-4.772610335798753434e-02
-1.206658058891959661e-03
5.491907978859502000e-03
-2.078393457810531666e-03
6.743065641460988836e-03
3.022741940036456458e-03
4.272825125508034581e-03
6.347887563366631791e-02
nan
1.663604126549856753e-04
2.469957691342743872e-02
1.017541641894188602e-02
5.615571838648900950e-03
6.744808769137197735e-02
4.657734516578109461e-03
4.208811758443488371e-03
2.631190155297042158e-02
3.418653097844395750e-02
2.972539800414650962e-03
-1.726684525656711419e-02
1.831573647508820055e-02
-1.742230593356218840e-02
5.832949946078100877e-03
-3.618773452989195675e-03
1.348290523415509277e-02
1.183118579586098749e-02
1.462837407309552397e-02
6.254201467784195959e-03
-2.045692209325669642e-02
-1.749846589472078134e-02
nan
-4.105923839515458924e-03
-3.644770748416735571e-03
3.458595969664805120e-02
-5.929414264252039213e-02
-1.408318087077820024e-02
-2.634423684191851498e-03
-1.017291581135967068e-03
1.313386128397468419e-02
4.094148988665724520e-02
1.183455327526600903e-02
7.153203325190234108e-02
3.362512751030512920e-02
nan
-1.964806862408222457e-03
9.720733707889693542e-03
1.423764492258422845e-02
6.037300195178068804e-03
7.307973409284333755e-02
1.322896599450961753e-02
-1.510751222138078526e-02
1.469594563338916943e-02
-1.178192475975352446e-03
1.447426842382052402e-02
-5.803137655446611795e-03
3.124424222295700548e-02
2.132135883156047271e-03
9.725551535536010317e-03
1.225706271662672237e-02
8.369502766228494733e-03
-5.984689795827716902e-02
-1.917677828203052590e-02
-8.928410332752871603e-03
1.661555398661730340e-02
-1.734065562932011681e-02
-1.069478856394344944e-02
-4.871008124252968613e-03
-4.182237716173765191e-02
1.002022724157062249e-02
-7.769368299480414013e-03
-7.799437071750804293e-03
2.245780620783931203e-02
-2.055037768897145442e-02
-2.354123118528089753e-02
1.030417311123925893e-02
3.736594003144856971e-03
1.176849921714719603e-02
2.011593047605443954e-02
-1.670090801131222588e-02
6.326247256101311112e-02
nan
2.886980531177893092e-02
7.000933346133315568e-03
-1.211297039076102491e-02
5.217601940037613385e-03
7.851262281048935338e-03
-1.054303120336430762e-02
-1.456251821850193572e-03
1.611953050493780681e-02
-6.766089665281989525e-03
8.387686191547260792e-03
-2.436661079100625737e-02
-1.358441640852565404e-03
1.091182474496344042e-02
8.435326424079642865e-03
2.917507597120795604e-02
-2.921898749157801362e-03
1.103861172006333560e-02
-7.024208376956158663e-03
-1.127403903738186108e-02
9.493902058890545462e-03
-8.197147915986939190e-03
-7.448472817828837023e-03
-2.065754411924449786e-03
9.566999219244030558e-03
1.496867357608976448e-02
8.327734159059995908e-03
2.044429201872245347e-02
-3.684127044257288304e-04
-3.041915285312498957e-03
1.442734992066747879e-02
-3.574632546147324744e-03
6.542057298530178436e-03
4.885152386787128612e-03
-9.883318487423726692e-04
2.624623281536435089e-04
2.704579070887575681e-03
-1.714203103037056572e-02
1.095159073085607768e-02
-8.173579734274924761e-04
-1.061354644415879282e-02
-4.567506303683238102e-03
1.075254785005474480e-02
-1.427579445581684571e-02
4.987059890068756135e-02
-1.605434946720728923e-02
-5.469275897112458110e-03
1.957930143575702456e-02
1.773588708370215511e-02
5.894420156094879251e-03
9.010653604515023521e-03
-3.020680616820567693e-03
-2.795551961632587647e-03
-2.922536234772833003e-02
7.484323947036412156e-03
-8.638414951362820846e-04
-2.798553166287004413e-04
-3.953270901672679277e-03
-1.185022633366255955e-02
2.113035605156273703e-03
6.774688748065629904e-04
-9.909640176547359139e-03
-1.140917654620831299e-02
4.831975278190482441e-03
1.120961059742676610e-02
-9.288231343896469552e-03
-6.214074565024537561e-03
7.250864808152161604e-03
-8.504604213668684118e-03
nan
2.495313701947686133e-02
-3.705377294792987480e-03
-6.735977690053875783e-03
-1.636764393180080261e-03
4.724557117474426017e-04
1.694129340562201868e-03
2.818145966795716165e-03
-2.378518704371816381e-02
-5.552542217365821460e-04
4.643994115489421225e-03
4.185124251206678858e-03
4.538892449378749416e-02
2.719473709580264367e-02
-1.820613659388631983e-02
1.115642105523352232e-02
5.098162684693153396e-02
2.652741027104862231e-02
-2.903810216019345539e-02
3.331518883373044831e-02
2.250105548579310263e-02
2.211360378893370213e-02
4.069126719611075756e-03
1.360656578109503689e-02
-1.176953942872146358e-02
3.498050321974480008e-03
-1.386850414321265899e-02
-1.708553252237989331e-02
5.617691184365960176e-03
-6.049132648344659677e-03
-5.261766047506911785e-03
-4.078855013991447911e-03
-1.994931550703531870e-02
1.009706125583606506e-02
3.587350403649629954e-02
-7.954406767985169185e-03
-9.524528607781915929e-03
2.174917429982912292e-02
-8.117779117296461053e-03
8.426576593073286520e-03
-2.392478961012902468e-03
2.004299133009133926e-02
-5.739850405132597942e-03
5.990969770529608503e-03
2.351519325609612888e-03
-2.862693644599200934e-02
9.835652034747245295e-03
3.118046982837996504e-03
1.334174025581399275e-02
-2.315653924980252618e-02
-9.866675282930881946e-03
1.826215214023912264e-02
-2.302471777413838544e-03
5.900733286997792738e-03
-1.471406715526811819e-03
5.949804790570628436e-03
-7.631836611845115720e-03
8.354877611516509442e-03
-3.764066195995302935e-04
-3.031647945285587467e-02
4.985599836132579904e-04
1.270122466476306285e-02
9.057796168288183639e-03
4.914821806029771346e-03
-3.298406178866104474e-03
9.338704107246560346e-03
2.356069740271505685e-03
6.580881415397390544e-04
6.524312559604032377e-03
2.224220261058801155e-03
7.853574107183061356e-03
1.247649117184113305e-03
5.479817638238152107e-03
3.194010825372049084e-03
-8.122732871398271812e-03
-1.402972443959999392e-02
-1.948027240442207902e-02
4.960152870074464523e-03
1.000415355322687404e-02
1.381273251324548895e-02
-4.346380241838671867e-03
6.969669437207998489e-03
1.063158815698288240e-02
8.163248459977984206e-03
7.895831155195719847e-03
-1.542108424520585719e-03
7.276196028030385704e-03
-5.739737394966386817e-03
-7.699513260365205801e-03
-1.425456716710018883e-03
1.079349361607770050e-02
-8.717896022386361146e-03
9.665663862674422901e-03
1.158349735437667026e-02
-5.540060894710534256e-03
-7.735896463549743647e-03
-1.670602092952708012e-04
-2.272796860828752916e-02
-1.459749286427451187e-03
5.611321452649593432e-04
9.915659183731185058e-03
1.001763406310492675e-02
-1.822439359103283051e-04
-1.534665010776909734e-02
1.369993143647979267e-03
-1.892283888435267224e-03
-2.193325635470064899e-02
-2.390138636323687303e-03
3.845064455051599734e-03
-5.781412005206668960e-03
1.408433254245320190e-02
1.571033932696828950e-03
8.717786416266117000e-03
-3.383351440716425747e-03
-1.686151755661374502e-03
-4.427849535689696789e-03
-9.657011741699601109e-03
2.593574151535529317e-03
-1.139087470992200708e-02
3.409893005682178985e-02
-4.613204829735141795e-03
4.022232899088002550e-03
-1.843991726493537237e-02
2.249304035561705637e-03
3.168368315265205834e-03
-6.014466583567823835e-03
1.329535890253285939e-02
-1.463934650710124047e-02
-3.382644760710053905e-02
-7.781866799690906507e-03
2.803565052056085360e-02
3.796633147213937000e-03
-4.731065571569517680e-02
7.243972153744627270e-04
3.483886161815627578e-03
7.179021742315757314e-03
-1.391467120055103063e-02
-7.959276059446239102e-03
-8.685799912808348996e-03
1.385186716849565007e-02
nan
-1.406276653097856925e-02
1.358588596308970241e-02
6.156336357036521628e-02
2.746131690133261482e-03
-2.162342138111393239e-02
4.488322377449416659e-03
5.834572474571063545e-03
-1.240250428348247183e-02
1.024721119215086379e-02
2.873736546203316516e-03
7.317356831704812346e-03
6.060081083835229705e-03
2.502528188411903224e-03
-8.341631081730355515e-03
nan
-9.265402415100945643e-03
-1.112254570846101312e-02
-1.498411748616770497e-02
-2.187203067686011720e-02
-1.931566558549087029e-02
-4.006151038073868173e-03
-1.081898949562275225e-02
3.695865094246763606e-03
3.454996509506019949e-03
-1.641269894274400426e-02
5.949905878243988075e-03
-8.732134718927299323e-04
-1.048496081901087278e-02
-1.529944432108652124e-03
6.146173554747342248e-03
1.314239777793072385e-03
-1.740524163642876180e-03
-6.050271868210875016e-03
-2.930860101125367604e-03
-6.436723359421581137e-03
6.917991403973251623e-04
-1.783378376266721646e-02
8.268839021232241709e-03
5.560095833712926745e-04
-7.779940000220897031e-04
-3.650511961894141542e-03
3.058082727219046427e-03
-2.516115153960041956e-02
5.516540113135001699e-03
3.974790740987533232e-03
-3.362247945367632766e-03
-3.095678815963197762e-03
-6.529394499803051373e-03
nan
2.959099506520568648e-02
-4.736286478567119235e-03
3.868399817435769043e-03
-5.492502272755123626e-04
1.192448791974297373e-02
9.533632702670890441e-03
1.256426953625464776e-03
-4.685222987330952410e-03
3.708542991028998884e-03
6.872729154670930742e-03
-4.199862888992444282e-03
-8.055545587735223447e-04
1.509252024211155119e-02
-1.558540493458229412e-02
-1.718781663546081750e-02
8.005303483194368269e-03
2.501068626285875979e-02
-1.327467128007535271e-03
-1.059573677893688171e-02
7.571900013399169259e-03
1.744422418823928997e-02
-2.120183934839489116e-03
-6.868150664316566116e-03
1.003765984583830824e-02
-5.773839362592572515e-03
2.652762830055637421e-03
2.441486059475143217e-03
1.593535292849218707e-03
-5.408385558348327571e-03
-9.137922612758290000e-03
-5.566914012086884508e-03
1.052419618916152183e-04
9.245561511039049850e-04
2.182713543019771697e-03
-1.164707796989617079e-02
2.912655148508305151e-03
nan
3.303584147814190609e-03
-3.661863095167943848e-03
2.440758729881718422e-02
-5.740432899451409360e-03
-3.196796558101458723e-03
-1.940687823591914427e-02
1.680218120286470704e-02
2.477730776687960511e-03
6.743673876094572264e-03
1.789124030478576183e-02
-8.452513947788778056e-03
8.747876709212270424e-03
-8.607219879538160340e-03
8.021608442333006544e-03
-1.264249597371435753e-02
nan
2.151987967887234246e-02
-7.866417827732560125e-03
7.788701322725851556e-03
-2.097336733522519106e-02
-1.520800624655934373e-02
2.472033822863096975e-02
-2.549674987549375104e-04
-9.426297653904192877e-04
1.000960490929894697e-02
-1.668887356852845642e-03
-1.053846880840233514e-02
-1.074686969232361601e-02
-3.143545819851965590e-03
2.251731180785201611e-02
1.827391395787045106e-03
4.201182784746608327e-03
-8.002648592679715428e-03
-1.738328682275474754e-02
7.919902393491950326e-03
-6.885244526713718213e-03
-6.785998658517159755e-03
-8.379019696089571104e-03
3.063626462287834164e-03
6.629884621719155547e-05
3.376926890768991267e-03
2.760931160638365259e-02
-1.134722501162029398e-02
-1.459673833782085131e-03
-3.607500531716039717e-03
-1.546853773790748433e-02
-1.136164000346359150e-02
4.132938793950725886e-02
-1.981024867660390043e-02
-1.091200833922963132e-02
1.646964098662826717e-03
-5.272476592735550645e-03
1.350756897000261747e-02
1.919263014490555502e-02
3.528560172363771202e-02
-1.045368689058211349e-02
-8.877246692217909824e-03
-4.355478226646262822e-03
2.027025171548843714e-03
4.191415883146174665e-03
2.509094975314237960e-02
-3.626745672955860103e-03
7.345974107194378280e-03
-4.287330764828865826e-04
-6.012552274337371397e-03
-9.835861159014053223e-03
5.208696991178726754e-02
7.752354080030716792e-03
1.512170685708476075e-04
-1.232192371375487143e-02
-1.123313345664037673e-03
-1.073787227628067616e-02
-4.378536837246074266e-03
-1.895991567838602176e-02
1.921680933204298822e-02
2.325495825254299959e-02
-1.317835685797127954e-02
-1.432811108093398449e-02
-9.991976334753085998e-03
3.019154615281124682e-03
-1.593674847455962178e-03
-2.052621561267529635e-02
7.890426442251066708e-02
-1.904502931276463515e-02
4.964785974031827621e-04
-3.249038357191355152e-03
-5.305456652658137665e-03
-8.415474263940132815e-03
6.580525827850455985e-03
1.581562857194894478e-02
3.310523216440078645e-03
1.078641625862577710e-02
1.312699432001511110e-02
1.482919107241433346e-02
1.421565670688298630e-02
1.772873365453903408e-02
8.329445849751209927e-03
-2.051971414019718165e-02
-1.291826135463849164e-03
4.019763545967116117e-03
-5.793999798880816732e-03
-2.231378622491364538e-02
1.352525832782466159e-02
-1.797773553666230607e-03
7.677978249936725196e-03
6.433515914844164726e-03
2.071716718286623245e-03
1.080832626831909095e-02
6.723357231844996444e-03
-4.925242665445588204e-03
2.376130450012547361e-03
1.699941022473048721e-02
-7.867058768991064960e-03
2.040542782744742684e-02
4.767931368904972100e-03
6.188614433415056716e-03
9.931649812172253788e-03
-3.259683098708111761e-03
5.799796424713414902e-03
-7.594347936447649883e-03
1.244601393477908456e-02
4.878829638563156670e-03
5.203597423789857283e-03
7.763451178408591925e-03
-1.540574828060310708e-03
8.331296553999794144e-03
1.257273653955917440e-02
9.442200539090436773e-03
7.346260199274417570e-03
-8.529610376970437474e-03
-9.693920672701481292e-03
-5.482560819160545856e-02
-1.114881173378190829e-02
3.625827054175531985e-03
-1.616426803631016405e-04
2.176961840926013025e-02
-3.331226906564885293e-03
-2.348390440494926845e-02
7.075678319234687905e-04
1.611751546366673230e-04
-1.273130258192915754e-03
1.292207714056127152e-02
-5.945902385234871869e-04
2.523125184853773975e-03
4.821664164676443300e-03
-3.824241031976481717e-03
-1.607985364755314204e-03
7.215370968988614638e-03
2.932617404961626074e-03
1.311392271987128939e-02
8.112238378753400952e-04
9.594773347551606435e-03
-1.209327935310662572e-02
1.820801598865944004e-02
1.864715769185917296e-03
7.510763872738975867e-03
-7.705085523837819014e-03
2.027730713156166657e-03
3.811392422619498243e-03
2.259013763468704569e-02
nan
6.309554462606135027e-03
-1.504229228757967413e-02
8.772440649164688423e-03
-5.046710130332103528e-02
1.501473345484716573e-02
2.552742649089625657e-02
3.866911254576062967e-02
1.966989399541770045e-02
-1.991505963998689566e-02
8.271560361307871492e-03
1.083434079247534709e-02
7.382830607940327639e-05
1.467938742184658231e-02
1.456203304058061271e-04
6.276938888003217101e-03
1.584190850240847423e-02
2.203324779969000058e-02
1.528985055848345979e-02
-6.722501863792249011e-02
2.443455893687763308e-03
2.530061784936402797e-02
-2.087464198098358190e-02
2.613869430397710442e-02
-2.165978975559890163e-02
3.291212006966519766e-03
8.655283720922902699e-03
2.663224474695617336e-02
-3.887331010028841072e-02
2.563133040351260085e-03
-5.957300578907596131e-04
5.006008270907101598e-03
-1.654949264831897388e-02
3.144062130756157189e-03
1.140506374365517217e-02
-5.534522646434381771e-03
-1.623163725324333617e-02
9.675408949390888746e-03
-9.197697691025590386e-03
1.200410816393298122e-02
9.715264403332002710e-03
1.170994509640743003e-02
4.817515136076724880e-02
-1.512753335475528448e-02
-1.194426122872544946e-02
2.545991867034493733e-02
-1.548778896436285579e-02
2.160248735586579177e-02
6.166084291430741146e-03
2.136054989856501531e-03
9.106413147408539202e-03
-2.854289808842563891e-02
3.094257976185258580e-02
-9.034747145340946833e-03
nan
-2.397694642737555407e-02
-2.107447027501856487e-02
2.236805168247541289e-02
-9.919298771928127326e-03
-2.325555744757315524e-02
2.495465608972895211e-02
-6.290928089474036138e-03
5.607286412659708008e-03
-5.655346600010083963e-02
-1.709511820472514251e-02
4.063257403802246481e-02
4.703998681629888851e-02
-4.222243116303561750e-02
2.693246084352374919e-02
2.891827919660323876e-02
2.447113690369977224e-02
-1.953690176987956870e-02
-1.577738760082937272e-02
5.104574617152975169e-02
3.574115895803380710e-02
4.525458533424107563e-05
3.682715139609384764e-02
-2.682996833185242319e-02
-2.909238314045573155e-03
-4.797987181801082954e-03
1.058102178181228627e-02
-4.446223747917457149e-03
7.350149808868697288e-02
-3.383042126397931351e-03
-1.231865930922705805e-02
2.318146484508185404e-03
-2.941665746569094991e-02
6.926188101024280744e-03
-3.087964289559971820e-02
-1.129327444153156203e-02
-3.254116369545691917e-02
-2.979284875324937631e-02
3.109633270607774225e-02
8.373899810290953011e-03
5.871421745795708108e-02
4.842877695998062774e-03
3.931763381776892663e-02
2.010193374159875007e-02
9.175508162416160136e-04
-1.777487787898781105e-02
-6.626156823999061925e-03
-6.802650420712968299e-03
3.454875446871037703e-02
-4.569356522827381327e-03
2.252241447302689298e-02
-1.918258751478362552e-03
-4.839613822858222780e-02
2.686497526571790875e-03
5.935686263098983312e-02
-9.094921139486112499e-03
2.430860275397150796e-03
-2.024486121039201919e-02
1.455885399913735972e-02
-3.836079458109544621e-02
3.505666074588742031e-03
-2.981185614963602348e-02
2.741817421138001420e-02
9.761200728967666870e-03
1.726454664583767368e-02
-9.484885194225122287e-03
1.698976326749801827e-02
1.973099638157632674e-02
1.012118628701584068e-02
1.220928694446964113e-02
1.018135032637722606e-02
1.635156730232370514e-02
-2.812217422865995794e-03
1.370277221207641914e-02
2.562699183416246654e-02
-5.129955502177935278e-02
-1.244693018148196155e-02
-4.767921807799012368e-02
-4.399926893040299186e-02
1.760660690341790333e-02
1.157699468551882244e-02
5.371704063581725537e-03
-1.127660895232725051e-02
-1.910489561403492728e-02
8.993972046569024062e-03
1.162789822061106523e-02
-4.505256405803051770e-03
3.261309911474081537e-03
4.584515789384154341e-03
-1.075891357554620937e-03
6.178161177209281693e-03
2.046192399236313256e-02
1.057300919579870317e-02
-1.747106048708166326e-02
-5.895258688331754017e-03
7.595030677722926400e-03
1.570503867224136429e-02
-8.556451955063706580e-03
-3.143237168392273850e-02
-2.970310528619627896e-02
-1.091818855915783863e-02
2.328014247951662105e-02
1.134932407601246980e-02
1.319041125570726870e-02
7.746088114958893898e-03
-6.607992442904936717e-03
1.907552396517911072e-02
1.205578014056120969e-03
-6.208524436277101238e-03
-3.316686363424580907e-03
1.558926098267517145e-03
1.787730610266880654e-02
-2.615931669800186828e-03
7.685334856900925479e-03
3.069796093432392535e-03
-2.692091874190606811e-03
1.205314580371837259e-03
1.221859923759517933e-03
2.743424705256308077e-02
nan
-7.298954392052933379e-03
-1.188842421661454735e-02
4.841289138606897149e-03
8.191519989531171816e-03
2.631848606624209198e-03
2.238321631666278719e-02
4.375639871879563082e-03
4.698658652343632759e-03
-2.095091353166989457e-03
-2.048028781043374422e-02
-6.049797229718192372e-03
-1.139116573729698862e-03
-1.348787772194475973e-02
nan
-2.589030491486482566e-04
6.998033738352617619e-03
6.986575270654109444e-04
-1.473714821737198352e-02
-4.754780762817999856e-03
-6.285742661296446834e-03
-1.942400642391848772e-02
1.112978678152691178e-02
1.158119992014053573e-03
-9.543419017326039075e-03
-5.365440342531585527e-03
-9.067835219558029528e-03
6.759782342462698594e-03
-4.939178844544992765e-03
6.135813063557564104e-03
1.796913803106168009e-02
1.165277453173732547e-02
nan
-8.934166127594928009e-03
8.469374613159590809e-03
2.489617682839065631e-03
-1.752868060675831854e-03
7.370758815402731921e-04
1.185791971113720790e-02
9.999028365823800155e-03
-7.798645203169028576e-04
1.137600079455953692e-02
9.562033978736358616e-03
2.662637656075176208e-03
-4.628964496068547520e-03
-2.282564102298166586e-02
-2.498765599899723227e-03
6.985565501552268471e-03
-9.190819047675762021e-03
3.644949813090244875e-05
2.179600134014532831e-03
-9.055026932520209362e-03
1.071792034477173517e-03
-1.119573039286862748e-02
-2.088564239135270399e-03
1.473668926577779287e-02
-9.937066071094764232e-04
7.542994250580818162e-03
-2.889275804832438501e-04
9.105434353697511307e-03
-2.650964892609667181e-03
-5.074680524615959865e-03
2.902257255807784236e-04
1.827583537446142090e-02
5.456688220551567797e-03
2.629125707271663323e-02
-9.565891618080305664e-03
2.998390084761787602e-02
-2.509139633452851011e-03
7.363043565351019143e-03
1.370674038016059769e-02
8.385027119574093440e-03
-2.513861384067890559e-02
-7.304995990897106446e-03
-3.328676969760687582e-02
2.930044909210867323e-03
-8.963421462207228282e-03
-1.124657254210998172e-02
1.756369711541699071e-03
-1.374630320167589612e-02
-4.251846143812422138e-03
-1.401717672660980629e-02
-1.075724793713481002e-02
2.398167105007316738e-02
9.309682299678250644e-03
9.261057321940328185e-03
-9.577266943600214535e-03
-6.514163122760238504e-03
-2.664265983488801892e-02
5.703429404535580692e-04
-2.690023732088684880e-02
nan
1.327038403218778031e-03
1.945125962636467740e-02
7.498084923035579739e-03
1.742429214632579271e-02
-1.659214207283649448e-02
-1.213774172371583603e-02
-4.167425676672623959e-03
-2.081141792854510671e-03
-1.021752686710852799e-03
1.264273796390930939e-02
-3.447354465719228069e-03
-2.312683546510865048e-03
-8.428124043161882434e-04
5.044459545098681739e-03
3.654728872512949360e-03
-4.874459186193104594e-03
9.333414335778986159e-03
1.560687667577621493e-03
-1.106671672329931008e-02
-4.996249134581742801e-03
-9.654521045020762401e-03
-2.924538938853509656e-03
2.825453928458840965e-03
4.016118306653263491e-03
-1.245644864661345740e-02
2.225176188477399637e-03
3.239446219460495342e-03
7.294754978850836839e-04
3.162743391137523823e-03
-1.277385132640484393e-04
3.670213619214950877e-03
1.059416599304671344e-02
-8.899624102532900649e-03
2.833396015706976870e-02
3.859119675298107194e-03
-1.040533882687539008e-04
2.491009677247790592e-03
nan
-3.207797171689034054e-04
-6.982711464567414872e-03
2.490052084154571743e-03
9.911812827748354982e-03
5.534547198997160017e-04
5.968103684286652291e-03
8.630787001210509998e-03
8.932579772730007972e-03
-9.949158810585586113e-03
2.620587804656206513e-02
1.561233717598696155e-03
-1.098127567242825151e-03
1.576854475098922806e-04
-4.785079393739517036e-04
1.534488651588886837e-02
nan
4.785952518373035036e-03
3.506234276982790436e-03
-1.176772787967280808e-03
1.162026120271407881e-03
-6.537031192563210174e-04
nan
-7.361380475526999555e-03
-4.097675819809881714e-03
-6.144747375629200370e-03
2.147868697299126772e-02
-1.011918696515126843e-02
-5.173653777861268732e-03
1.875065028247113394e-03
-6.681822391141341126e-03
-2.861904345805604821e-03
1.765746263954845886e-04
-1.077798503714391199e-03
2.120107222908756105e-03
1.466316513742197932e-03
2.874303706530997697e-03
-4.092563983280514753e-03
6.154259092210012660e-03
-1.822624839256679549e-02
-1.253840316006198108e-02
1.473404646265962306e-02
-8.207459555022878633e-03
-1.842692432641083317e-02
6.131293388030909820e-03
8.210088535600271534e-03
1.300384493655079576e-02
-1.500638968269171585e-02
-1.299727305398491956e-03
6.405437713619697125e-03
nan
-1.455156444106451468e-03
-1.725351584373142943e-03
2.139753396272235653e-02
5.577220555825932943e-03
2.982706419041369645e-03
1.102314980442297039e-02
3.452363437275953687e-03
-8.916895484222217214e-03
-1.732999104091517781e-03
-1.710926971564952822e-03
-1.762777869388757260e-03
5.614599422068490032e-03
3.308182041281230827e-03
1.673987482523490609e-03
-2.632233243161662996e-03
2.973784031984203630e-03
-8.892808475204251259e-03
-1.375091161522693384e-03
8.347039713162586819e-03
7.668969647038442229e-03
-6.630858239416956637e-03
1.176390525881415485e-03
-5.423793752184987577e-03
-4.152802676488530700e-03
4.397789071942615098e-03
-1.238683785868890247e-02
-1.489257539004948221e-03
1.448253370032833841e-03
-8.931282649672508088e-04
-1.117769265499974881e-03
5.768964392420464085e-04
-2.282445850928986261e-03
1.068249655369563587e-03
9.915611949377414747e-03
-3.540282441906652394e-03
4.924813100625459461e-03
1.455210212271465520e-02
nan
7.973642231230157820e-03
5.998143965009378881e-03
-5.616564384367937757e-03
1.492693343464422152e-02
-4.710591190971021198e-03
9.992933894339549317e-03
-2.192629408046447084e-03
1.421076200125223447e-02
5.765773937583482285e-03
2.889539444780698380e-02
1.298883964670451314e-02
-2.001017950357974681e-02
2.151855113034651865e-02
6.693455864101575947e-03
-3.984062845408348381e-03
4.635794172458014561e-02
-1.418379138802577932e-02
-9.650753932117193956e-03
5.115185116319364254e-03
nan
-5.578674172137492240e-03
5.038080471372259270e-03
1.469370344930111174e-03
2.103253905148655400e-02
-8.346737318720992213e-03
1.651093520821068916e-02
8.404324429264009230e-03
-1.250714623661973099e-02
2.413131093199313154e-02
9.047413479095396682e-05
-1.628559163557607992e-02
-5.801329000042950920e-03
6.483894265653417262e-03
6.255621072670534792e-03
-1.118068776650475921e-04
-1.467380984795830070e-03
1.632980084822091907e-02
2.453179910875115735e-02
-5.367368913407242342e-02
-6.082144166713697453e-02
-3.073491090834397019e-02
2.081127394025631891e-03
3.386344013214349913e-02
-1.663466583859507866e-02
-1.064427417814696290e-02
1.218348058404136736e-02
-1.278950540983635545e-02
-2.041161859729160363e-03
2.265210619810129403e-02
4.778580331516545793e-02
-2.213243480434787247e-02
4.808479843563659949e-03
nan
-9.393157887093703251e-03
-3.102944077813561685e-02
-1.737020605505833898e-02
4.219573223420160918e-02
2.678469914663634925e-03
-1.012853161982972018e-02
8.760191389831358671e-03
2.305079427542720480e-02
6.824622314345147808e-04
1.660276753497322939e-03
-4.302506576789976236e-03
2.561440918261930801e-03
2.229686518036061091e-02
-2.453518307619182576e-02
-1.037551192835116723e-02
-5.187508378935059943e-03
-3.761616317919061914e-03
1.078828629512388129e-02
8.766758364607465243e-03
4.174498556396373516e-02
-1.347396650927619108e-02
2.113972221719083184e-03
3.527056420026965667e-03
2.730122035139037617e-02
-8.104649305474907316e-04
1.411835986273906988e-02
-2.335426136584037304e-02
-3.726976058631830194e-03
-4.582618420399157217e-04
1.568357076571515012e-03
-1.280099994258883378e-02
-2.334678654803313755e-03
-1.066289655056408851e-03
-3.031075485266851704e-03
1.571628334910197752e-02
9.333228426527095598e-03
6.514195661932775487e-03
3.619217527240326145e-03
3.701532832306155853e-03
-2.868632102955046264e-03
-1.925428884282879075e-02
2.414258132979033022e-03
-2.294544621311976184e-03
-1.549940949387573362e-04
-1.238781405067931668e-03
3.511011862069222077e-03
3.931653333819129579e-04
-6.856871300270340336e-03
9.502927797541374944e-04
-3.446260837663624264e-03
-2.205055778317820386e-03
2.735793619299251890e-04
-5.001922643959683980e-03
-6.330131221989578755e-03
-6.219426876875973863e-03
-6.015555597983663358e-04
-2.223627700487317612e-03
-1.006884687085306436e-02
7.036650409830578524e-03
-4.608519902875841956e-03
1.107450672051865301e-02
-3.998236148622797727e-03
7.267462116790372219e-03
-7.912432327967306583e-03
1.362213371627367690e-03
2.225455408465540786e-03
4.396794105873122645e-03
-1.537044719793957074e-03
2.423102442973073915e-03
1.602918267820842377e-03
-5.373071091670807544e-04
7.504605096398828069e-04
-5.038100936671696152e-03
-3.582704826611367820e-03
1.472151270540413871e-02
-4.612554556391961630e-03
-8.174999198303388101e-03
2.001366474228680279e-03
-2.664764306168042329e-03
-9.046365045259933610e-03
-2.741563201568212454e-03
6.950349747144151649e-04
2.286440574865549087e-03
1.223858302001971064e-02
-7.341652848479756667e-03
5.145379877020890211e-03
-5.655066546557432385e-03
7.615227940784220946e-03
-1.716594479681966563e-03
1.352632805946118316e-02
1.227908457439946376e-03
-2.305215806477037277e-03
-1.921419446017026645e-03
-1.480675109199694950e-03
-7.664416901570462884e-04
-4.754153795420200195e-04
3.166459638336547081e-04
1.377661785971554193e-03
2.722452110014505957e-03
5.050491340208934860e-04
1.564226430268998323e-03
2.888139152310209221e-03
2.549629943291343778e-03
7.573144404780270253e-04
5.521717337527943734e-04
-7.910876280011008149e-03
5.837382723907711887e-03
1.260582651967616721e-03
-2.943569869984490311e-03
6.750998691515722530e-03
-2.713399143438807292e-03
-9.219824312273625089e-03
6.187650040218041839e-03
2.321536701039014078e-03
2.347621653163172676e-03
3.647781847933271888e-03
-2.059338445048341897e-03
-1.838165845765752857e-02
4.448609599121149463e-03
nan
-9.970324565325580646e-03
-5.478675572379363215e-03
-5.712855026706866075e-03
-2.948389680310106037e-03
-1.410732100317605743e-02
-1.761973973400342546e-03
5.551461670017780563e-03
7.990045552694941336e-03
-3.506766386937819162e-03
-3.421158736632036175e-04
-7.427720012888023400e-04
-7.090322705819950694e-03
-1.422028291771758671e-02
-2.564838171738991618e-02
3.129682569849395160e-04
-9.790377183661491678e-03
2.716315687026963060e-03
-1.107552539478591849e-02
-1.001152643420303960e-02
-1.778836389750524868e-02
-3.891913558605745744e-03
-6.593325301984589168e-04
-1.819653610998777163e-02
-1.278364851618628284e-02
-2.096903517712661591e-02
-7.054605997605058708e-03
-3.131666021979402203e-03
-1.695523731780263291e-02
-3.266211250245840744e-03
1.137973454509997630e-02
9.189406635851339253e-03
1.771189412860250598e-03
5.984578849998439636e-03
3.258719120547274185e-03
1.343521784859785101e-02
-6.797017296646122413e-03
-8.563123122656359637e-03
2.133440942914323780e-03
1.045416287676892604e-02
-6.077265040432719770e-03
3.103977256058070532e-03
-1.056778272958284852e-02
-2.608417531271519860e-03
-1.153637323866857703e-02
7.053225959097012519e-03
3.003442871686693265e-05
5.038068331386412815e-04
-7.225802070305406381e-03
1.823708860296160972e-02
2.020351086241723056e-03
4.175473115391041198e-03
1.554606127643299446e-02
-1.095939438499938558e-02
-1.082888481678885611e-04
8.513336294670340032e-03
1.234859178430469315e-02
6.992107689068849082e-04
2.921749915362314119e-03
9.436882238938514109e-04
nan
-1.121430067059935032e-02
1.891663020735737111e-02
-4.920673448632146597e-03
1.643304372976253126e-03
-3.012737381556248001e-04
-5.599442835013486788e-03
9.519729644479944450e-03
-1.943522798881928320e-03
-9.466492375807492726e-03
-4.424489076987404498e-03
-2.018704964452273758e-03
8.013784970086342344e-03
-6.740221064969726880e-03
-3.200876608546742580e-03
4.157921739666890423e-03
1.144031302638962093e-04
-2.911276508982178421e-03
9.259513194872604630e-03
-4.109647847577029521e-03
2.528868794855980168e-03
-1.006884194149899533e-02
3.866183154554978223e-03
-4.131998961468597888e-03
-4.328739057025794527e-03
-5.041194289986493729e-03
-4.343845184873114038e-03
-3.292853306653948861e-03
-7.848535258041227508e-03
-1.330578653374627851e-03
-2.284683244108007272e-03
2.431334502401578078e-03
-1.780786961620971351e-03
-2.682846202376535901e-04
nan
-1.228495021550429778e-02
-5.416467576986498840e-03
2.817847755070895625e-03
1.242578684675037758e-02
8.655585276308464318e-03
-3.211110251042512825e-03
-8.372483084751754234e-03
6.251566580336828140e-03
-9.469669438735759531e-03
-1.847573711664670174e-02
2.149533489929591687e-02
-5.752148697686029939e-03
-1.914363129737046932e-03
-5.713954559887318187e-03
5.983836881144063286e-03
4.409478398136569381e-03
6.293955986178144738e-03
2.243020625051171495e-03
-5.132282018395101578e-03
-3.428860796351099367e-03
6.751678436546501095e-04
-4.189628055416116936e-03
1.405578092139784076e-03
3.001663987555068872e-03
1.374477477579213840e-02
1.721930822378451437e-02
-1.573669011233099629e-02
3.687618453092096540e-03
2.041974280807996520e-02
1.741615581802434098e-03
-6.314075926999798694e-03
-1.252654763480567403e-02
-1.308006936999066283e-02
-1.703522658652560293e-03
-1.880703059741426625e-02
-3.573197622784077959e-03
1.650592409061291121e-03
-1.958025224864850221e-03
-5.662762819220935884e-03
-9.253393004646067116e-04
4.574907086819623991e-03
1.944197239836809206e-03
-5.355148629892826813e-03
2.215697093971788663e-03
-1.197182154398251756e-02
-7.412786321551390533e-04
-1.126886150466103326e-02
-7.406950044981511824e-05
7.578880205117557133e-03
